1765940674.418029547 0.0 0.0 0.0 0.0 0.0 0.0 1.0
1765940674.515229225 -0.015 -0.0 -0.027 -0.002 -0.001 0.0 1.0
1765940674.615120888 -0.021 -0.002 0.012 0.003 0.0 -0.0 1.0
1765940674.715355158 -0.009 0.019 -0.01 -0.0 -0.001 -0.0 1.0
1765940674.818770409 -0.019 0.014 0.002 -0.0 -0.0 -0.0 1.0
1765940674.923858404 0.001 0.005 -0.004 0.0 -0.001 -0.0 1.0
1765940675.15205860 0.007 0.022 0.015 -0.003 0.0 -0.001 1.0
1765940675.115218878 0.013 0.033 -0.001 0.001 -0.001 -0.001 1.0
1765940675.215254307 0.014 0.003 -0.038 0.001 -0.001 -0.0 1.0
1765940675.315378666 -0.005 0.018 -0.018 0.001 -0.0 -0.0 1.0
1765940675.415176630 -0.001 0.01 0.01 0.001 0.0 -0.0 1.0
1765940675.515875101 0.002 0.021 0.015 0.0 0.0 -0.0 1.0
1765940675.615678787 -0.005 0.011 -0.011 0.0 0.0 -0.0 1.0
1765940675.715229988 0.006 0.026 0.017 0.0 0.0 -0.001 1.0
1765940675.815257788 -0.004 0.008 -0.004 0.0 -0.0 -0.0 1.0
1765940675.915477753 -0.004 0.017 0.004 -0.001 -0.001 -0.0 1.0
1765940676.15125751 -0.001 0.027 0.003 -0.001 -0.001 -0.0 1.0
1765940676.115366697 -0.004 0.034 -0.004 -0.0 -0.001 -0.001 1.0
1765940676.215214014 -0.008 0.024 -0.006 0.0 -0.0 -0.001 1.0
1765940676.315169096 -0.009 -0.002 0.002 0.001 -0.001 -0.0 1.0
1765940676.415273905 -0.004 0.049 -0.016 -0.001 -0.001 -0.001 1.0
1765940676.515166998 0.021 0.049 0.001 0.002 -0.001 -0.001 1.0
1765940676.615129709 0.003 0.064 0.029 0.002 -0.001 -0.002 1.0
1765940676.715394497 0.0 0.048 -0.001 0.005 -0.003 -0.001 1.0
1765940676.823074102 -0.01 0.007 0.009 0.003 -0.004 -0.0 1.0
1765940676.919070721 0.024 0.012 -0.01 -0.0 -0.005 -0.0 1.0
1765940677.16500711 -0.002 0.005 -0.01 0.002 -0.005 0.001 1.0
1765940677.116364956 0.061 -0.005 -0.016 0.002 -0.005 0.001 1.0
1765940677.215267181 0.069 0.003 -0.037 -0.0 -0.005 0.0 1.0
1765940677.317951202 0.107 0.025 -0.047 0.001 -0.005 -0.0 1.0
1765940677.415211916 0.133 0.003 -0.026 0.001 -0.004 -0.0 1.0
1765940677.518989086 0.169 0.013 -0.032 -0.003 -0.003 -0.001 1.0
1765940677.615412951 0.177 0.029 0.041 -0.005 -0.001 -0.002 1.0
1765940677.715490818 0.187 0.018 -0.037 -0.001 -0.004 -0.001 1.0
1765940677.815212727 0.202 0.019 -0.017 0.0 -0.004 -0.001 1.0
1765940677.915273190 0.239 0.044 -0.015 0.001 -0.005 -0.002 1.0
1765940678.15206099 0.313 0.023 -0.008 -0.0 -0.005 -0.001 1.0
1765940678.115822554 0.355 0.016 -0.016 -0.002 -0.005 -0.001 1.0
1765940678.215684891 0.378 -0.003 -0.024 0.0 -0.005 -0.001 1.0
1765940678.315243006 0.388 0.011 0.001 -0.002 -0.004 0.0 1.0
1765940678.415459871 0.422 -0.01 -0.001 0.0 -0.004 0.001 1.0
1765940678.515287876 0.399 0.032 -0.004 -0.001 -0.004 0.0 1.0
1765940678.615637302 0.444 -0.014 0.001 0.003 -0.005 0.001 1.0
1765940678.715265512 0.466 -0.004 -0.006 -0.001 -0.004 -0.0 1.0
1765940678.815274954 0.549 -0.002 -0.038 -0.001 -0.004 -0.001 1.0
1765940678.915206432 0.515 0.02 -0.029 0.001 -0.003 -0.001 1.0
1765940679.15219450 0.545 -0.009 -0.011 0.003 -0.001 -0.002 1.0
1765940679.115212917 0.642 0.044 -0.026 0.002 -0.001 -0.003 1.0
1765940679.215231657 0.681 0.041 -0.017 0.005 -0.001 -0.005 1.0
1765940679.315240622 0.685 0.035 -0.044 -0.002 -0.002 -0.005 1.0
1765940679.415324450 0.726 0.037 -0.012 0.003 -0.002 -0.005 1.0
1765940679.517911196 0.743 0.012 -0.006 0.003 -0.003 -0.004 1.0
1765940679.615170479 0.757 0.036 -0.039 0.002 -0.003 -0.004 1.0
1765940679.715235949 0.768 0.039 -0.004 0.0 -0.003 -0.004 1.0
1765940679.817934275 0.82 0.058 -0.024 0.003 -0.003 -0.004 1.0
1765940679.915252447 0.874 0.028 -0.06 -0.001 -0.003 -0.004 1.0
1765940680.16181946 0.908 -0.014 -0.034 -0.002 -0.003 -0.003 1.0
1765940680.115262508 0.957 0.028 -0.052 -0.001 -0.004 -0.004 1.0
1765940680.216535568 0.976 0.006 -0.036 0.001 -0.004 -0.004 1.0
1765940680.315274715 1.01 0.025 -0.051 -0.002 -0.004 -0.004 1.0
1765940680.415291786 1.036 0.053 -0.019 -0.002 -0.001 -0.004 1.0
1765940680.515357018 1.058 0.077 -0.019 0.002 -0.001 -0.005 1.0
1765940680.615298748 1.076 0.073 -0.029 -0.002 0.001 -0.006 1.0
1765940680.715336561 1.125 0.073 -0.032 -0.003 0.001 -0.007 1.0
1765940680.815453768 1.181 0.032 -0.028 -0.003 0.0 -0.007 1.0
1765940680.915380239 1.179 0.074 -0.033 -0.001 -0.001 -0.007 1.0
1765940681.15357971 1.215 -0.018 -0.015 -0.001 -0.004 -0.005 1.0
1765940681.115315199 1.268 -0.011 -0.029 0.001 -0.005 -0.005 1.0
1765940681.215303898 1.337 -0.037 -0.071 -0.003 -0.006 -0.005 1.0
1765940681.316643476 1.362 -0.015 -0.068 -0.002 -0.004 -0.007 1.0
1765940681.415154934 1.391 0.005 -0.038 -0.002 -0.002 -0.009 1.0
1765940681.515313387 1.408 -0.013 -0.038 -0.002 -0.002 -0.012 1.0
1765940681.616738081 1.471 -0.042 -0.045 -0.003 -0.002 -0.014 1.0
1765940681.715134144 1.505 -0.085 -0.009 -0.001 -0.0 -0.015 1.0
1765940681.818636894 1.552 -0.115 -0.031 -0.002 -0.001 -0.016 1.0
1765940681.923055172 1.592 -0.145 -0.061 -0.004 -0.001 -0.017 1.0
1765940682.25350809 1.619 -0.116 -0.038 -0.004 -0.001 -0.017 1.0
1765940682.115706205 1.65 -0.111 -0.021 -0.003 -0.001 -0.018 1.0
1765940682.215413332 1.721 -0.046 -0.027 0.002 -0.003 -0.019 1.0
1765940682.315440655 1.731 -0.122 -0.037 0.001 -0.005 -0.017 1.0
1765940682.415485382 1.747 -0.143 -0.035 0.002 -0.004 -0.017 1.0
1765940682.515239954 1.805 -0.109 -0.027 -0.0 -0.004 -0.018 1.0
1765940682.615361929 1.874 -0.118 -0.035 -0.0 -0.004 -0.017 1.0
1765940682.715747356 1.928 -0.174 -0.021 0.001 -0.005 -0.017 1.0
1765940682.815376997 1.979 -0.165 -0.034 -0.001 -0.006 -0.018 1.0
1765940682.919052124 2.011 -0.147 -0.039 -0.001 -0.004 -0.019 1.0
1765940683.17868757 2.054 -0.102 -0.015 0.001 -0.002 -0.019 1.0
1765940683.122784138 2.124 -0.03 -0.014 0.002 -0.001 -0.02 1.0
1765940683.215448141 2.143 -0.194 -0.048 -0.003 -0.0 -0.02 1.0
1765940683.315438032 2.175 -0.174 -0.063 0.001 -0.001 -0.02 1.0
1765940683.415429115 2.222 -0.196 -0.066 0.004 -0.003 -0.021 1.0
1765940683.515446901 2.261 -0.202 -0.057 0.001 -0.005 -0.021 1.0
1765940683.615422726 2.336 -0.148 -0.088 -0.002 -0.005 -0.022 1.0
1765940683.715396166 2.357 -0.134 -0.07 0.002 -0.005 -0.022 1.0
1765940683.815416574 2.404 -0.113 -0.035 0.005 -0.006 -0.022 1.0
1765940683.917248487 2.44 -0.174 -0.085 0.002 -0.005 -0.022 1.0
1765940684.13809919 2.499 -0.188 -0.06 -0.001 -0.002 -0.022 1.0
1765940684.115713358 2.54 -0.215 -0.058 0.0 -0.001 -0.022 1.0
1765940684.215439796 2.567 -0.204 -0.081 -0.0 -0.003 -0.022 1.0
1765940684.315506697 2.606 -0.213 -0.108 -0.003 -0.005 -0.023 1.0
1765940684.415499210 2.63 -0.229 -0.095 -0.001 -0.005 -0.024 1.0
1765940684.515553713 2.654 -0.25 -0.046 -0.001 -0.005 -0.024 1.0
1765940684.616432428 2.715 -0.278 -0.081 -0.001 -0.005 -0.024 1.0
1765940684.715492010 2.737 -0.26 -0.057 -0.001 -0.004 -0.024 1.0
1765940684.815467596 2.778 -0.286 -0.047 -0.001 -0.004 -0.024 1.0
1765940684.915509224 2.819 -0.263 -0.079 -0.001 -0.005 -0.024 1.0
1765940685.15513897 2.847 -0.293 -0.072 -0.001 -0.006 -0.024 1.0
1765940685.115522861 2.881 -0.296 -0.091 -0.002 -0.006 -0.024 1.0
1765940685.214786053 2.916 -0.298 -0.074 -0.002 -0.007 -0.024 1.0
1765940685.315617323 2.963 -0.283 -0.113 -0.002 -0.006 -0.024 1.0
1765940685.417651415 2.996 -0.343 -0.077 -0.0 -0.006 -0.023 1.0
1765940685.518368483 3.032 -0.369 -0.056 0.001 -0.005 -0.023 1.0
1765940685.615648746 3.086 -0.336 -0.068 -0.0 -0.004 -0.024 1.0
1765940685.715573549 3.139 -0.334 -0.069 -0.001 -0.003 -0.025 1.0
1765940685.815554619 3.168 -0.325 -0.046 -0.0 -0.003 -0.025 1.0
1765940685.915870667 3.199 -0.339 -0.072 -0.001 -0.005 -0.024 1.0
1765940686.15212536 3.229 -0.334 -0.061 -0.002 -0.006 -0.024 1.0
1765940686.115525961 3.289 -0.358 -0.072 -0.002 -0.006 -0.023 1.0
1765940686.215511322 3.342 -0.369 -0.054 -0.001 -0.006 -0.022 1.0
1765940686.315914392 3.353 -0.34 -0.066 -0.0 -0.006 -0.023 1.0
1765940686.415279627 3.428 -0.356 -0.055 -0.002 -0.007 -0.023 1.0
1765940686.515536308 3.43 -0.334 -0.066 0.0 -0.006 -0.024 1.0
1765940686.625097036 3.482 -0.313 -0.056 0.001 -0.006 -0.024 1.0
1765940686.715538025 3.536 -0.357 -0.095 -0.0 -0.005 -0.024 1.0
1765940686.815529108 3.588 -0.34 -0.088 -0.001 -0.004 -0.025 1.0
1765940686.919910431 3.609 -0.342 -0.064 -0.0 -0.004 -0.026 1.0
1765940687.15494347 3.674 -0.362 -0.083 0.0 -0.004 -0.025 1.0
1765940687.116578341 3.694 -0.378 -0.075 -0.001 -0.005 -0.025 1.0
1765940687.215472460 3.727 -0.357 -0.112 -0.001 -0.006 -0.026 1.0
1765940687.315743208 3.789 -0.404 -0.07 -0.001 -0.005 -0.025 1.0
1765940687.415813923 3.836 -0.415 -0.084 -0.001 -0.005 -0.024 1.0
1765940687.515817404 3.885 -0.355 -0.088 -0.002 -0.006 -0.026 1.0
1765940687.615566492 3.926 -0.337 -0.108 -0.0 -0.007 -0.026 1.0
1765940687.715594530 3.964 -0.395 -0.077 -0.002 -0.006 -0.025 1.0
1765940687.820832729 4.008 -0.375 -0.094 -0.0 -0.004 -0.026 1.0
1765940687.915587187 4.063 -0.402 -0.117 -0.001 -0.004 -0.025 1.0
1765940688.15907288 4.112 -0.408 -0.075 0.001 -0.003 -0.024 1.0
1765940688.115103245 4.143 -0.393 -0.091 0.001 -0.002 -0.025 1.0
1765940688.216678858 4.191 -0.381 -0.089 0.0 -0.003 -0.025 1.0
1765940688.315241814 4.255 -0.4 -0.098 -0.001 -0.005 -0.026 1.0
1765940688.415247202 4.291 -0.422 -0.084 0.0 -0.007 -0.026 1.0
1765940688.515213013 4.342 -0.435 -0.09 0.001 -0.008 -0.026 1.0
1765940688.615215302 4.373 -0.415 -0.113 -0.0 -0.008 -0.027 1.0
1765940688.715609074 4.441 -0.452 -0.08 -0.0 -0.006 -0.026 1.0
1765940688.815275192 4.487 -0.502 -0.074 0.002 -0.005 -0.026 1.0
1765940688.915732384 4.54 -0.458 -0.063 0.0 -0.004 -0.027 1.0
1765940689.15185356 4.598 -0.541 -0.098 -0.001 -0.002 -0.027 1.0
1765940689.115870953 4.675 -0.521 -0.059 -0.0 -0.001 -0.027 1.0
1765940689.215680361 4.697 -0.472 -0.052 -0.0 -0.002 -0.028 1.0
1765940689.315701723 4.752 -0.497 -0.038 -0.003 -0.002 -0.029 1.0
1765940689.415189981 4.791 -0.534 -0.093 -0.005 -0.006 -0.029 1.0
1765940689.515148878 4.844 -0.564 -0.087 0.0 -0.007 -0.029 1.0
1765940689.615170002 4.893 -0.532 -0.077 0.001 -0.006 -0.029 1.0
1765940689.715252638 4.952 -0.5 -0.074 -0.004 -0.006 -0.029 1.0
1765940689.815699339 5.012 -0.538 -0.083 -0.002 -0.005 -0.028 1.0
1765940689.920626879 5.055 -0.512 -0.064 -0.001 -0.004 -0.029 1.0
1765940690.15617371 5.111 -0.565 -0.05 -0.001 -0.003 -0.029 1.0
1765940690.115228176 5.157 -0.583 -0.079 -0.001 -0.004 -0.029 1.0
1765940690.215737581 5.217 -0.553 -0.077 -0.002 -0.004 -0.03 1.0
1765940690.315680981 5.254 -0.568 -0.07 -0.002 -0.005 -0.03 1.0
1765940690.421039581 5.315 -0.602 -0.078 -0.0 -0.006 -0.029 1.0
1765940690.515920639 5.33 -0.572 -0.117 -0.001 -0.007 -0.03 1.0
1765940690.615290880 5.391 -0.572 -0.108 -0.001 -0.006 -0.032 0.999
1765940690.715266466 5.43 -0.572 -0.064 -0.001 -0.004 -0.034 0.999
1765940690.809868574 5.515 -0.56 -0.073 -0.003 -0.003 -0.036 0.999
1765940690.915298700 5.554 -0.62 -0.088 -0.005 -0.001 -0.038 0.999
1765940691.15775919 5.594 -0.633 -0.079 -0.003 -0.001 -0.04 0.999
1765940691.115293741 5.653 -0.583 -0.121 -0.002 -0.003 -0.044 0.999
1765940691.215224981 5.718 -0.611 -0.133 -0.004 -0.004 -0.047 0.999
1765940691.319073677 5.764 -0.608 -0.145 -0.004 -0.006 -0.05 0.999
1765940691.415752649 5.786 -0.647 -0.087 0.001 -0.006 -0.054 0.999
1765940691.515111446 5.828 -0.674 -0.041 0.001 -0.005 -0.057 0.998
1765940691.615290880 5.892 -0.683 -0.107 -0.004 -0.006 -0.062 0.998
1765940691.715757847 5.935 -0.701 -0.149 -0.005 -0.007 -0.069 0.998
1765940691.815175533 5.986 -0.75 -0.137 -0.007 -0.005 -0.075 0.997
1765940691.915183306 6.03 -0.747 -0.133 -0.008 -0.003 -0.083 0.997
1765940692.15770912 6.068 -0.677 -0.132 -0.008 -0.002 -0.093 0.996
1765940692.115297079 6.102 -0.759 -0.201 -0.009 -0.004 -0.099 0.995
1765940692.215758324 6.157 -0.831 -0.124 -0.007 -0.004 -0.109 0.994
1765940692.315249205 6.168 -0.884 -0.144 -0.009 -0.005 -0.117 0.993
1765940692.415795565 6.192 -0.964 -0.13 -0.007 -0.007 -0.127 0.992
1765940692.515280485 6.269 -1.06 -0.114 -0.003 -0.007 -0.138 0.99
1765940692.615326643 6.297 -1.056 -0.084 -0.005 -0.007 -0.15 0.989
1765940692.715191126 6.329 -1.055 -0.121 -0.007 -0.007 -0.161 0.987
1765940692.819992304 6.421 -1.015 -0.112 -0.009 -0.008 -0.175 0.985
1765940692.915221453 6.45 -1.03 -0.122 -0.008 -0.006 -0.188 0.982
1765940693.15316248 6.49 -1.101 -0.13 -0.01 -0.006 -0.198 0.98
1765940693.115879774 6.541 -1.157 -0.083 -0.008 -0.005 -0.21 0.978
1765940693.215786219 6.609 -1.168 -0.13 -0.01 -0.006 -0.223 0.975
1765940693.315156698 6.673 -1.151 -0.088 -0.011 -0.005 -0.235 0.972
1765940693.415291548 6.722 -1.185 -0.111 -0.01 -0.005 -0.246 0.969
1765940693.516170740 6.747 -1.238 -0.092 -0.009 -0.004 -0.254 0.967
1765940693.615306139 6.757 -1.271 -0.092 -0.008 -0.003 -0.264 0.965
1765940693.715287447 6.793 -1.276 -0.076 -0.008 -0.004 -0.274 0.962
1765940693.815240383 6.8 -1.393 -0.084 -0.009 -0.005 -0.285 0.959
1765940693.915724039 6.867 -1.397 -0.112 -0.009 -0.008 -0.295 0.955
1765940694.15097857 6.826 -1.495 -0.127 -0.009 -0.009 -0.307 0.951
1765940694.115842104 6.97 -1.469 -0.142 -0.01 -0.011 -0.32 0.947
1765940694.215164661 6.988 -1.521 -0.155 -0.011 -0.01 -0.332 0.943
1765940694.315840244 7.021 -1.518 -0.097 -0.01 -0.007 -0.345 0.939
1765940694.415275812 7.029 -1.566 -0.052 -0.009 -0.005 -0.354 0.935
1765940694.515202761 7.087 -1.61 -0.077 -0.011 -0.005 -0.364 0.931
1765940694.615761042 7.106 -1.613 -0.066 -0.012 -0.006 -0.373 0.928
1765940694.714902639 7.105 -1.701 -0.064 -0.012 -0.006 -0.38 0.925
1765940694.815208435 7.084 -1.763 -0.098 -0.015 -0.008 -0.389 0.921
1765940694.915139914 7.075 -1.84 -0.094 -0.015 -0.008 -0.398 0.917
1765940695.15548706 7.151 -1.851 -0.158 -0.016 -0.01 -0.412 0.911
1765940695.115926027 7.16 -1.842 -0.156 -0.016 -0.008 -0.421 0.907
1765940695.218810797 7.199 -1.86 -0.111 -0.015 -0.008 -0.431 0.902
1765940695.315948009 7.188 -1.913 -0.137 -0.016 -0.008 -0.441 0.898
1765940695.415178299 7.201 -1.969 -0.109 -0.015 -0.008 -0.451 0.892
1765940695.515914679 7.25 -1.934 -0.114 -0.015 -0.01 -0.459 0.888
1765940695.615893602 7.269 -2.004 -0.109 -0.016 -0.011 -0.469 0.883
1765940695.716007471 7.259 -2.095 -0.131 -0.017 -0.012 -0.478 0.878
1765940695.815905094 7.245 -2.153 -0.125 -0.017 -0.013 -0.487 0.873
1765940695.915302038 7.23 -2.176 -0.197 -0.02 -0.015 -0.496 0.868
1765940696.21760941 7.254 -2.226 -0.103 -0.019 -0.012 -0.502 0.864
1765940696.115198374 7.293 -2.272 -0.092 -0.019 -0.011 -0.509 0.861
1765940696.215267420 7.295 -2.307 -0.141 -0.02 -0.013 -0.513 0.858
1765940696.315877438 7.267 -2.326 -0.142 -0.02 -0.013 -0.518 0.855
1765940696.415606976 7.274 -2.422 -0.164 -0.022 -0.014 -0.523 0.852
1765940696.516311646 7.325 -2.438 -0.17 -0.02 -0.017 -0.529 0.848
1765940696.615292072 7.289 -2.506 -0.195 -0.021 -0.017 -0.532 0.846
1765940696.716039896 7.242 -2.573 -0.181 -0.023 -0.014 -0.537 0.843
1765940696.815244913 7.278 -2.606 -0.165 -0.022 -0.016 -0.542 0.84
1765940696.915979147 7.329 -2.603 -0.205 -0.022 -0.018 -0.551 0.834
1765940697.15192032 7.355 -2.594 -0.21 -0.02 -0.018 -0.559 0.829
1765940697.115220785 7.381 -2.59 -0.266 -0.022 -0.02 -0.562 0.826
1765940697.215225697 7.427 -2.67 -0.195 -0.015 -0.025 -0.568 0.823
1765940697.315227509 7.38 -2.773 -0.191 -0.02 -0.018 -0.571 0.821
1765940697.415234089 7.347 -2.782 -0.179 -0.022 -0.015 -0.573 0.819
1765940697.515403509 7.332 -2.872 -0.177 -0.022 -0.017 -0.576 0.817
1765940697.615216970 7.381 -2.849 -0.175 -0.021 -0.017 -0.581 0.813
1765940697.715261698 7.376 -2.894 -0.203 -0.021 -0.018 -0.584 0.811
1765940697.816625595 7.403 -2.941 -0.244 -0.024 -0.017 -0.589 0.808
1765940697.915112972 7.423 -2.981 -0.166 -0.022 -0.017 -0.592 0.805
1765940698.17931461 7.443 -3.009 -0.204 -0.023 -0.016 -0.596 0.802
1765940698.116369247 7.457 -3.009 -0.207 -0.025 -0.013 -0.6 0.799
1765940698.215334415 7.422 -3.066 -0.201 -0.027 -0.01 -0.603 0.797
1765940698.316101551 7.449 -3.077 -0.214 -0.026 -0.014 -0.607 0.794
1765940698.415953159 7.427 -3.158 -0.205 -0.025 -0.014 -0.61 0.792
1765940698.515246391 7.447 -3.189 -0.234 -0.025 -0.014 -0.616 0.787
1765940698.616007328 7.487 -3.189 -0.195 -0.024 -0.013 -0.622 0.783
1765940698.716083288 7.471 -3.177 -0.251 -0.027 -0.014 -0.625 0.78
1765940698.815336227 7.49 -3.218 -0.253 -0.027 -0.016 -0.627 0.778
1765940698.916046381 7.413 -3.36 -0.218 -0.026 -0.015 -0.629 0.777
1765940699.16102076 7.37 -3.461 -0.217 -0.025 -0.016 -0.63 0.776
1765940699.115363121 7.423 -3.505 -0.248 -0.028 -0.015 -0.636 0.771
1765940699.215428829 7.433 -3.521 -0.238 -0.028 -0.014 -0.64 0.767
1765940699.316358089 7.515 -3.425 -0.232 -0.029 -0.014 -0.646 0.762
1765940699.416047573 7.424 -3.615 -0.234 -0.027 -0.014 -0.646 0.762
1765940699.515330553 7.382 -3.687 -0.301 -0.031 -0.015 -0.648 0.761
1765940699.615310192 7.406 -3.727 -0.286 -0.029 -0.015 -0.652 0.757
1765940699.715363979 7.433 -3.731 -0.249 -0.028 -0.014 -0.656 0.754
1765940699.816158533 7.501 -3.727 -0.199 -0.025 -0.014 -0.662 0.749
1765940699.917551041 7.466 -3.724 -0.255 -0.025 -0.017 -0.665 0.746
1765940700.15470505 7.449 -3.795 -0.21 -0.027 -0.017 -0.666 0.745
1765940700.122794151 7.484 -3.83 -0.23 -0.026 -0.018 -0.669 0.742
1765940700.215362310 7.49 -3.887 -0.253 -0.026 -0.017 -0.673 0.739
1765940700.315356255 7.447 -3.955 -0.209 -0.023 -0.016 -0.676 0.736
1765940700.416106462 7.431 -3.949 -0.276 -0.024 -0.018 -0.681 0.732
1765940700.515394926 7.442 -4.008 -0.216 -0.023 -0.018 -0.684 0.729
1765940700.615418673 7.445 -4.021 -0.174 -0.024 -0.015 -0.688 0.725
1765940700.715363979 7.419 -4.042 -0.165 -0.025 -0.017 -0.692 0.722
1765940700.816158533 7.437 -4.117 -0.18 -0.026 -0.018 -0.695 0.719
1765940700.916199446 7.425 -4.196 -0.25 -0.03 -0.018 -0.696 0.718
1765940701.16173363 7.368 -4.294 -0.216 -0.032 -0.016 -0.696 0.717
1765940701.115999937 7.4 -4.293 -0.246 -0.031 -0.017 -0.7 0.714
1765940701.215489388 7.396 -4.339 -0.212 -0.03 -0.016 -0.703 0.711
1765940701.315937996 7.399 -4.364 -0.152 -0.028 -0.016 -0.707 0.707
1765940701.415443420 7.404 -4.393 -0.14 -0.026 -0.018 -0.71 0.703
1765940701.515348911 7.412 -4.41 -0.175 -0.03 -0.019 -0.713 0.7
1765940701.615356445 7.433 -4.468 -0.21 -0.031 -0.021 -0.716 0.697
1765940701.715390921 7.39 -4.505 -0.143 -0.033 -0.02 -0.716 0.697
1765940701.815428257 7.384 -4.572 -0.192 -0.035 -0.021 -0.717 0.696
1765940701.916472673 7.33 -4.635 -0.231 -0.034 -0.023 -0.717 0.696
1765940702.17238855 7.307 -4.715 -0.18 -0.036 -0.02 -0.717 0.696
1765940702.115396023 7.309 -4.765 -0.178 -0.033 -0.021 -0.716 0.697
1765940702.215459824 7.296 -4.821 -0.17 -0.032 -0.019 -0.716 0.697
1765940702.315464973 7.353 -4.865 -0.246 -0.034 -0.02 -0.717 0.696
1765940702.415414572 7.335 -4.906 -0.132 -0.034 -0.019 -0.717 0.696
1765940702.516379833 7.349 -4.934 -0.157 -0.036 -0.019 -0.717 0.696
1765940702.615506887 7.327 -4.999 -0.172 -0.037 -0.018 -0.715 0.698
1765940702.716076612 7.298 -5.037 -0.164 -0.034 -0.02 -0.715 0.698
1765940702.816409111 7.355 -5.043 -0.208 -0.035 -0.021 -0.716 0.697
1765940702.921931982 7.348 -5.052 -0.27 -0.032 -0.023 -0.718 0.695
1765940703.15504837 7.331 -5.127 -0.182 -0.035 -0.02 -0.718 0.695
1765940703.116266489 7.337 -5.171 -0.144 -0.034 -0.019 -0.718 0.695
1765940703.214571238 7.328 -5.236 -0.16 -0.036 -0.019 -0.718 0.695
1765940703.316480398 7.327 -5.279 -0.146 -0.033 -0.019 -0.717 0.696
1765940703.415395260 7.291 -5.359 -0.134 -0.036 -0.017 -0.716 0.697
1765940703.515106678 7.332 -5.376 -0.199 -0.034 -0.018 -0.716 0.697
1765940703.618051529 7.32 -5.418 -0.145 -0.034 -0.016 -0.714 0.699
1765940703.712181091 7.339 -5.405 -0.16 -0.036 -0.016 -0.712 0.701
1765940703.823056221 7.32 -5.429 -0.128 -0.035 -0.018 -0.71 0.703
1765940703.916234016 7.311 -5.476 -0.142 -0.039 -0.015 -0.704 0.709
1765940704.15119314 7.329 -5.549 -0.14 -0.043 -0.012 -0.699 0.714
1765940704.115480900 7.398 -5.565 -0.183 -0.041 -0.013 -0.694 0.718
1765940704.216314793 7.333 -5.586 -0.161 -0.032 -0.017 -0.688 0.725
1765940704.315543890 7.376 -5.566 -0.146 -0.032 -0.016 -0.682 0.73
1765940704.415969610 7.369 -5.627 -0.11 -0.034 -0.016 -0.676 0.736
1765940704.515774012 7.357 -5.688 -0.171 -0.042 -0.013 -0.668 0.743
1765940704.615482807 7.364 -5.741 -0.223 -0.042 -0.015 -0.66 0.75
1765940704.717667103 7.368 -5.748 -0.168 -0.037 -0.016 -0.654 0.756
1765940704.815525532 7.377 -5.815 -0.18 -0.032 -0.019 -0.646 0.762
1765940704.915549994 7.41 -5.893 -0.172 -0.032 -0.018 -0.639 0.768
1765940705.16980648 7.416 -5.902 -0.134 -0.032 -0.017 -0.634 0.773
1765940705.115513563 7.408 -5.948 -0.128 -0.031 -0.017 -0.629 0.777
1765940705.215750217 7.386 -5.964 -0.113 -0.03 -0.017 -0.626 0.779
1765940705.315674067 7.419 -6.005 -0.083 -0.03 -0.017 -0.623 0.781
1765940705.415734291 7.414 -6.036 -0.116 -0.03 -0.016 -0.617 0.787
1765940705.516284704 7.403 -6.08 -0.13 -0.036 -0.011 -0.608 0.793
1765940705.615565777 7.432 -6.112 -0.183 -0.035 -0.015 -0.604 0.796
1765940705.715624809 7.444 -6.159 -0.19 -0.035 -0.014 -0.598 0.8
1765940705.815624714 7.457 -6.202 -0.219 -0.035 -0.017 -0.592 0.805
1765940705.915951729 7.484 -6.229 -0.178 -0.031 -0.019 -0.587 0.809
1765940706.15654564 7.499 -6.211 -0.164 -0.035 -0.016 -0.585 0.81
1765940706.116580963 7.532 -6.267 -0.196 -0.034 -0.013 -0.576 0.817
1765940706.215642452 7.604 -6.286 -0.18 -0.033 -0.014 -0.57 0.821
1765940706.316490412 7.588 -6.348 -0.197 -0.032 -0.015 -0.563 0.826
1765940706.416305780 7.572 -6.379 -0.142 -0.032 -0.013 -0.557 0.83
1765940706.516653776 7.569 -6.426 -0.133 -0.033 -0.014 -0.551 0.834
1765940706.616095781 7.603 -6.41 -0.077 -0.032 -0.012 -0.545 0.838
1765940706.715642452 7.617 -6.477 -0.149 -0.034 -0.012 -0.54 0.841
1765940706.816409349 7.618 -6.537 -0.16 -0.034 -0.009 -0.533 0.845
1765940706.916196585 7.618 -6.568 -0.184 -0.032 -0.012 -0.529 0.848
1765940707.16412020 7.624 -6.599 -0.195 -0.033 -0.012 -0.524 0.851
1765940707.115450382 7.654 -6.6 -0.165 -0.034 -0.01 -0.519 0.854
1765940707.215629101 7.715 -6.607 -0.142 -0.035 -0.008 -0.517 0.855
1765940707.316422701 7.747 -6.643 -0.146 -0.035 -0.01 -0.513 0.858
1765940707.415773869 7.753 -6.682 -0.183 -0.038 -0.009 -0.51 0.859
1765940707.516854048 7.759 -6.672 -0.149 -0.037 -0.007 -0.507 0.861
1765940707.617197037 7.794 -6.732 -0.134 -0.037 -0.008 -0.501 0.865
1765940707.715624094 7.807 -6.771 -0.112 -0.035 -0.009 -0.496 0.868
1765940707.816308498 7.813 -6.817 -0.099 -0.034 -0.012 -0.492 0.87
1765940707.915629148 7.831 -6.834 -0.035 -0.037 -0.004 -0.487 0.872
1765940708.15661001 7.872 -6.872 -0.083 -0.037 -0.009 -0.485 0.874
1765940708.115746975 7.852 -6.938 -0.101 -0.035 -0.014 -0.483 0.875
1765940708.215646267 7.934 -6.942 -0.129 -0.035 -0.016 -0.482 0.875
1765940708.315633297 7.913 -6.977 -0.196 -0.035 -0.021 -0.481 0.876
1765940708.415659666 7.966 -7.005 -0.071 -0.034 -0.009 -0.479 0.877
1765940708.515704393 7.976 -7.042 -0.161 -0.034 -0.014 -0.476 0.879
1765940708.615693331 8.006 -7.08 -0.171 -0.033 -0.017 -0.474 0.88
1765940708.715678692 8.039 -7.125 -0.022 -0.033 -0.009 -0.473 0.88
1765940708.816490650 8.048 -7.167 -0.019 -0.034 -0.007 -0.473 0.88
1765940708.915226936 8.056 -7.172 -0.023 -0.034 -0.004 -0.473 0.881
1765940709.17715454 8.068 -7.223 -0.049 -0.036 -0.003 -0.472 0.881
1765940709.118316174 8.09 -7.267 -0.123 -0.038 -0.005 -0.471 0.881
1765940709.215794325 8.181 -7.304 -0.224 -0.031 -0.012 -0.473 0.881
1765940709.315703630 8.193 -7.369 -0.188 -0.032 -0.011 -0.472 0.881
1765940709.416451693 8.194 -7.411 -0.135 -0.033 -0.009 -0.472 0.881
1765940709.515738010 8.26 -7.452 -0.161 -0.034 -0.01 -0.474 0.88
1765940709.615782738 8.27 -7.487 -0.161 -0.035 -0.009 -0.473 0.88
1765940709.715543985 8.284 -7.524 -0.116 -0.035 -0.007 -0.473 0.88
1765940709.816588402 8.355 -7.568 -0.15 -0.033 -0.009 -0.472 0.881
1765940709.915762901 8.412 -7.612 -0.204 -0.033 -0.011 -0.472 0.881
1765940710.17991543 8.359 -7.628 -0.186 -0.034 -0.011 -0.47 0.882
1765940710.115760326 8.273 -7.669 -0.173 -0.031 -0.013 -0.471 0.882
1765940710.215841055 8.376 -7.676 -0.03 -0.029 -0.009 -0.472 0.881
1765940710.315662622 8.372 -7.725 -0.102 -0.034 -0.007 -0.472 0.881
1765940710.415817022 8.384 -7.752 -0.165 -0.037 -0.009 -0.475 0.879
1765940710.515754461 8.434 -7.796 -0.15 -0.034 -0.008 -0.478 0.878
1765940710.615756273 8.396 -7.824 -0.216 -0.037 -0.009 -0.485 0.874
1765940710.715649128 8.428 -7.842 -0.186 -0.038 -0.008 -0.493 0.869
1765940710.817469358 8.438 -7.853 -0.127 -0.036 -0.008 -0.501 0.865
1765940710.916613340 8.442 -7.92 -0.151 -0.035 -0.011 -0.51 0.86
1765940711.16591787 8.451 -7.959 -0.035 -0.04 -0.001 -0.519 0.854
1765940711.115679026 8.524 -7.937 -0.012 -0.04 -0.0 -0.531 0.846
1765940711.215559721 8.523 -7.985 -0.017 -0.036 -0.004 -0.542 0.839
1765940711.319088697 8.497 -8.004 -0.048 -0.032 -0.007 -0.55 0.835
1765940711.410816908 8.485 -8.034 -0.035 -0.034 -0.007 -0.557 0.83
1765940711.516560793 8.525 -8.139 -0.222 -0.038 -0.008 -0.567 0.823
1765940711.611138344 8.459 -8.231 -0.183 -0.037 -0.007 -0.574 0.818
1765940711.715673685 8.49 -8.226 -0.239 -0.039 -0.013 -0.586 0.809
1765940711.815139294 8.454 -8.264 -0.251 -0.038 -0.011 -0.596 0.802
1765940711.919054747 8.519 -8.265 -0.182 -0.035 -0.01 -0.609 0.792
1765940712.20301104 8.596 -8.259 -0.157 -0.036 -0.007 -0.621 0.783
1765940712.117524624 8.508 -8.323 -0.188 -0.032 -0.008 -0.628 0.777
1765940712.218770027 8.564 -8.385 -0.328 -0.039 -0.009 -0.636 0.77
1765940712.322445154 8.51 -8.32 -0.384 -0.04 -0.014 -0.649 0.76
1765940712.423125505 8.474 -8.42 -0.291 -0.033 -0.021 -0.655 0.755
1765940712.515820503 8.515 -8.506 -0.192 -0.023 -0.026 -0.662 0.748
1765940712.615858793 8.533 -8.455 -0.052 -0.019 -0.024 -0.672 0.74
1765940712.716578245 8.51 -8.534 -0.271 -0.03 -0.023 -0.678 0.734
1765940712.816625834 8.399 -8.552 -0.285 -0.024 -0.023 -0.688 0.725
1765940712.915331841 8.487 -8.547 -0.223 -0.023 -0.022 -0.699 0.715
1765940713.15131950 8.425 -8.636 -0.23 -0.028 -0.02 -0.704 0.709
1765940713.115130186 8.398 -8.623 -0.311 -0.023 -0.024 -0.713 0.7
1765940713.215883493 8.405 -8.653 -0.3 -0.027 -0.023 -0.72 0.693
1765940713.316671371 8.46 -8.706 -0.257 -0.025 -0.024 -0.727 0.686
1765940713.416799545 8.412 -8.769 -0.221 -0.022 -0.025 -0.732 0.68
1765940713.515849590 8.442 -8.795 -0.224 -0.022 -0.024 -0.738 0.674
1765940713.615789890 8.413 -8.972 -0.039 -0.017 -0.022 -0.742 0.67
1765940713.715245962 8.485 -9.027 -0.012 -0.015 -0.022 -0.749 0.662
1765940713.815857172 8.338 -9.002 0.025 -0.025 -0.017 -0.756 0.654
1765940713.917217731 8.29 -9.003 -0.202 -0.018 -0.025 -0.763 0.646
1765940714.15857935 8.24 -9.044 -0.164 -0.012 -0.027 -0.769 0.639
1765940714.115903378 8.307 -9.083 -0.118 -0.019 -0.022 -0.775 0.632
1765940714.215154648 8.35 -9.161 -0.05 -0.022 -0.018 -0.78 0.625
1765940714.315182447 8.316 -9.196 -0.15 -0.025 -0.021 -0.784 0.62
1765940714.415832758 8.333 -9.262 -0.152 -0.026 -0.023 -0.787 0.615
1765940714.516729116 8.268 -9.283 -0.109 -0.026 -0.022 -0.792 0.61
1765940714.615150690 8.275 -9.303 -0.099 -0.016 -0.025 -0.796 0.604
1765940714.713661432 8.274 -9.334 -0.122 -0.011 -0.027 -0.801 0.598
1765940714.817915678 8.184 -9.362 -0.126 -0.024 -0.024 -0.806 0.591
1765940714.915846586 8.148 -9.406 -0.1 -0.034 -0.018 -0.811 0.584
1765940715.16596794 8.176 -9.443 -0.089 -0.039 -0.014 -0.816 0.577
1765940715.117588758 8.164 -9.473 -0.082 -0.042 -0.012 -0.819 0.572
1765940715.215146542 8.153 -9.56 -0.136 -0.036 -0.016 -0.823 0.566
1765940715.323060751 8.197 -9.593 -0.093 -0.035 -0.016 -0.827 0.561
1765940715.415903807 8.22 -9.637 -0.015 -0.036 -0.016 -0.83 0.557
1765940715.515262604 8.138 -9.683 -0.046 -0.044 -0.013 -0.834 0.55
1765940715.615974903 8.151 -9.708 -0.05 -0.04 -0.015 -0.838 0.544
1765940715.715287209 8.099 -9.768 -0.106 -0.039 -0.017 -0.842 0.538
1765940715.815162897 8.051 -9.785 -0.006 -0.044 -0.014 -0.844 0.535
1765940715.916712284 8.208 -9.801 0.202 -0.044 -0.007 -0.849 0.527
1765940716.16755342 8.226 -9.827 0.376 -0.042 -0.004 -0.851 0.523
1765940716.116420507 8.5 -9.843 0.571 -0.051 0.0 -0.857 0.513
1765940716.215667963 8.812 -9.853 0.492 -0.073 0.008 -0.86 0.504
1765940716.315947533 8.823 -9.993 0.371 -0.096 0.013 -0.858 0.505
1765940716.415975094 8.791 -10.091 0.306 -0.124 0.024 -0.854 0.505
1765940716.515897751 8.777 -10.122 0.37 -0.128 0.031 -0.855 0.502
1765940716.611705780 8.718 -10.203 0.281 -0.133 0.032 -0.855 0.501
1765940716.715942383 8.723 -10.206 0.283 -0.139 0.033 -0.859 0.492
1765940716.815150261 8.738 -10.211 0.189 -0.146 0.033 -0.862 0.484
1765940716.915006399 8.728 -10.181 0.229 -0.142 0.034 -0.871 0.469
1765940717.15178919 8.732 -10.145 0.356 -0.12 0.032 -0.878 0.462
1765940717.115114927 8.789 -10.176 0.441 -0.085 0.018 -0.886 0.456
1765940717.218749285 8.467 -10.154 0.508 -0.063 0.007 -0.885 0.461
1765940717.319049358 8.013 -10.169 0.797 -0.043 0.003 -0.885 0.464
1765940717.415216923 7.465 -10.272 0.632 -0.027 -0.014 -0.879 0.475
1765940717.515149117 7.322 -10.369 0.535 -0.028 -0.02 -0.876 0.481
1765940717.615949631 7.544 -10.367 0.463 -0.025 -0.021 -0.88 0.474
1765940717.715222597 7.52 -10.371 0.615 -0.036 -0.011 -0.88 0.474
1765940717.815182447 7.519 -10.387 0.727 -0.046 -0.002 -0.878 0.476
1765940717.919355154 7.595 -10.423 0.788 -0.063 0.008 -0.878 0.475
1765940718.15206337 7.678 -10.481 0.712 -0.056 0.009 -0.877 0.477
1765940718.116012573 7.9 -10.514 0.661 -0.057 0.013 -0.877 0.476
1765940718.215253830 8.174 -10.562 0.648 -0.064 0.019 -0.878 0.475
1765940718.315237999 8.298 -10.584 0.649 -0.08 0.023 -0.876 0.475
1765940718.415300131 8.568 -10.599 0.587 -0.087 0.021 -0.877 0.471
1765940718.515256166 8.601 -10.585 0.553 -0.066 0.01 -0.877 0.476
1765940718.615178347 8.695 -10.539 0.472 -0.041 -0.002 -0.879 0.475
1765940718.715278625 8.635 -10.503 0.324 -0.052 -0.004 -0.879 0.474
