1765940674.418029547 0.000000 -0.000001 -0.000000 0.000000 -0.000000 -0.000000 1.000000
1765940674.515229225 -0.002178 -0.001234 -0.004086 -0.000563 -0.000097 0.000165 1.000000
1765940674.615120888 -0.001954 -0.000852 -0.002301 -0.000129 0.000171 0.000193 1.000000
1765940674.715355158 -0.001292 0.000384 -0.002023 -0.000224 0.000186 0.000099 1.000000
1765940674.818770409 -0.000932 0.000124 -0.002225 -0.000223 -0.000125 0.000154 1.000000
1765940674.923858404 -0.000990 0.000622 -0.001886 -0.000363 0.000007 0.000177 1.000000
1765940675.015205860 -0.002566 -0.000393 -0.003015 -0.000382 -0.000151 0.000169 1.000000
1765940675.115218878 -0.002317 0.000927 -0.005838 -0.000788 -0.000294 0.000100 1.000000
1765940675.215254307 0.000321 -0.000568 -0.003620 -0.000036 0.000689 -0.000050 1.000000
1765940675.315378666 0.000188 -0.001709 -0.000170 0.000249 0.001191 0.000054 0.999999
1765940675.415176630 -0.000503 -0.000484 -0.002264 0.000092 0.000639 0.000091 1.000000
1765940675.515875101 0.000013 -0.000216 -0.001935 0.000040 0.000542 0.000146 1.000000
1765940675.615678787 0.001764 -0.001257 -0.001563 0.000049 0.001000 0.000165 0.999999
1765940675.715229988 -0.000223 0.001147 -0.002955 -0.000541 0.000779 0.000079 0.999999
1765940675.815257788 -0.002110 0.001300 -0.001478 -0.000557 0.000464 0.000019 1.000000
1765940675.915477753 -0.001370 0.000268 -0.000398 -0.000509 -0.000406 0.000066 1.000000
1765940676.015125751 -0.003161 0.000778 -0.001072 -0.000411 -0.000358 0.000139 1.000000
1765940676.115366697 0.000460 -0.000401 -0.001795 -0.000116 0.000198 0.000103 1.000000
1765940676.215214014 0.000079 -0.001140 -0.001108 0.000460 0.000288 0.000039 1.000000
1765940676.315169096 -0.002076 -0.001941 -0.001003 -0.000365 -0.000175 0.000128 1.000000
1765940676.415273905 -0.001736 0.000950 -0.002032 -0.000304 -0.000250 -0.000076 1.000000
1765940676.515166998 -0.001098 0.000834 -0.000483 -0.000236 -0.000158 -0.000143 1.000000
1765940676.615129709 0.000706 -0.000284 -0.001618 0.000115 -0.001075 -0.000150 0.999999
1765940676.715394497 0.003900 -0.001552 -0.001970 -0.000442 -0.002357 -0.000126 0.999997
1765940676.823074102 0.009716 -0.001136 -0.003397 -0.000159 -0.003872 -0.000033 0.999992
1765940676.919070721 0.020915 0.000180 -0.000169 -0.000125 -0.004408 0.000513 0.999990
1765940677.016500711 0.036686 -0.001438 -0.002926 -0.000339 -0.004502 0.001200 0.999989
1765940677.116364956 0.059012 -0.001646 -0.000947 -0.000205 -0.003838 0.001146 0.999992
1765940677.215267181 0.083393 -0.003604 -0.002327 -0.000205 -0.004072 0.000768 0.999991
1765940677.317951202 0.108755 -0.006888 -0.002577 0.000371 -0.003854 0.000577 0.999992
1765940677.415211916 0.137786 -0.007156 -0.005921 -0.000564 -0.003170 0.000083 0.999995
1765940677.518989086 0.163512 -0.007292 -0.006125 -0.001449 -0.002366 -0.000640 0.999996
1765940677.615412951 0.189120 -0.010164 -0.005616 -0.000862 -0.002322 -0.000841 0.999997
1765940677.715490818 0.214274 -0.011584 -0.004877 -0.000545 -0.002691 -0.000695 0.999996
1765940677.815212727 0.237971 -0.014719 -0.007505 -0.001124 -0.003462 -0.000656 0.999993
1765940677.915273190 0.263440 -0.015221 -0.006436 -0.000301 -0.004142 -0.000806 0.999991
1765940678.015206099 0.289924 -0.017190 -0.009042 -0.000278 -0.004433 -0.000699 0.999990
1765940678.115822554 0.318607 -0.017644 -0.007480 -0.001663 -0.003988 -0.000530 0.999991
1765940678.215684891 0.344184 -0.017938 -0.009647 -0.001276 -0.003760 -0.000468 0.999992
1765940678.315243006 0.370245 -0.021439 -0.008968 -0.000444 -0.003797 0.000335 0.999993
1765940678.415459871 0.399209 -0.022856 -0.009556 -0.000600 -0.003328 0.000982 0.999994
1765940678.515287876 0.425988 -0.026912 -0.007582 0.000744 -0.003793 0.001296 0.999992
1765940678.615637302 0.454170 -0.028924 -0.011154 0.001162 -0.004291 0.001088 0.999989
1765940678.715265512 0.485602 -0.028753 -0.009916 -0.000196 -0.003399 0.000248 0.999994
1765940678.815274954 0.516542 -0.030894 -0.009837 0.000311 -0.002642 -0.000234 0.999996
1765940678.915206432 0.552785 -0.035947 -0.014920 0.001329 -0.002012 -0.000654 0.999997
1765940679.015219450 0.589274 -0.038426 -0.014526 0.001230 -0.000367 -0.001692 0.999998
1765940679.115212917 0.619169 -0.038754 -0.014474 0.000790 -0.000550 -0.002836 0.999995
1765940679.215231657 0.649764 -0.042262 -0.014275 0.000392 -0.000467 -0.003826 0.999992
1765940679.315240622 0.678878 -0.045331 -0.015816 0.000025 -0.001157 -0.003904 0.999992
1765940679.415324450 0.707410 -0.049128 -0.016674 0.000714 -0.001432 -0.003599 0.999992
1765940679.517911196 0.737110 -0.049705 -0.016814 0.000481 -0.002193 -0.003672 0.999991
1765940679.615170479 0.768655 -0.051061 -0.018809 0.000883 -0.002296 -0.003457 0.999991
1765940679.715235949 0.800812 -0.052670 -0.018382 0.000308 -0.002696 -0.002843 0.999992
1765940679.817934275 0.829977 -0.054198 -0.020397 -0.001059 -0.001966 -0.002822 0.999993
1765940679.915252447 0.861428 -0.055918 -0.019859 -0.000252 -0.002003 -0.002570 0.999995
1765940680.016181946 0.893549 -0.058849 -0.021194 0.000095 -0.002492 -0.002607 0.999993
1765940680.115262508 0.922163 -0.061257 -0.020170 0.000760 -0.003199 -0.002527 0.999991
1765940680.216535568 0.955090 -0.063439 -0.022425 -0.000186 -0.003226 -0.002932 0.999990
1765940680.315274715 0.991635 -0.063302 -0.024299 -0.001801 -0.002820 -0.003421 0.999989
1765940680.415291786 1.030490 -0.067203 -0.027032 -0.000650 -0.001358 -0.002896 0.999995
1765940680.515357018 1.069340 -0.069606 -0.025047 -0.000010 -0.000123 -0.003545 0.999994
1765940680.615298748 1.104450 -0.072284 -0.026196 -0.000265 0.001243 -0.004257 0.999990
1765940680.715336561 1.136040 -0.072211 -0.031885 -0.000764 0.001309 -0.005253 0.999985
1765940680.815453768 1.166710 -0.077545 -0.030386 -0.000871 0.000273 -0.005338 0.999985
1765940680.915380239 1.193350 -0.078898 -0.029504 -0.000465 -0.001385 -0.004906 0.999987
1765940681.015357971 1.223960 -0.079682 -0.029532 -0.000091 -0.003841 -0.004625 0.999982
1765940681.115315199 1.260890 -0.083687 -0.030107 0.000335 -0.005127 -0.004025 0.999979
1765940681.215303898 1.298340 -0.088343 -0.027164 -0.000234 -0.004568 -0.004675 0.999979
1765940681.316643476 1.342230 -0.089808 -0.031245 -0.000785 -0.003191 -0.005992 0.999977
1765940681.415154934 1.379910 -0.097271 -0.030719 0.000276 -0.001827 -0.007881 0.999967
1765940681.515313387 1.421810 -0.101207 -0.033108 0.000874 -0.002166 -0.010441 0.999943
1765940681.616738081 1.461690 -0.108271 -0.031131 -0.000025 -0.000738 -0.012726 0.999919
1765940681.715134144 1.500850 -0.111463 -0.035087 0.000053 -0.000453 -0.014685 0.999892
1765940681.818636894 1.540750 -0.116857 -0.037785 0.000125 -0.001157 -0.015976 0.999872
1765940681.923055172 1.584530 -0.119681 -0.035155 0.000770 -0.000498 -0.017234 0.999851
1765940682.025350809 1.621640 -0.122700 -0.036563 -0.000007 -0.001438 -0.017774 0.999841
1765940682.115706205 1.658420 -0.125835 -0.040440 -0.000827 -0.001743 -0.018064 0.999835
1765940682.215413332 1.697890 -0.128781 -0.036870 0.000110 -0.002703 -0.017584 0.999842
1765940682.315440655 1.735710 -0.134069 -0.038657 0.000798 -0.004124 -0.017046 0.999846
1765940682.415485382 1.778460 -0.136491 -0.041671 -0.000082 -0.003512 -0.017154 0.999847
1765940682.515239954 1.822540 -0.141121 -0.041593 -0.001307 -0.003239 -0.017381 0.999843
1765940682.615361929 1.862320 -0.145618 -0.043751 -0.000475 -0.003467 -0.017634 0.999838
1765940682.715747356 1.908000 -0.149914 -0.044092 0.000063 -0.004569 -0.017822 0.999831
1765940682.815376997 1.950060 -0.156101 -0.044861 -0.000610 -0.005232 -0.018268 0.999819
1765940682.919052124 1.998420 -0.160275 -0.048354 -0.000622 -0.003264 -0.018532 0.999823
1765940683.017868757 2.048350 -0.163327 -0.048508 -0.000636 -0.002164 -0.018777 0.999821
1765940683.122784138 2.100350 -0.167229 -0.050963 -0.000733 -0.000495 -0.018881 0.999821
1765940683.215448141 2.149280 -0.171687 -0.051045 -0.001912 0.000184 -0.020167 0.999795
1765940683.315438032 2.192400 -0.177784 -0.051704 -0.000879 -0.000359 -0.020731 0.999785
1765940683.415429115 2.234560 -0.183118 -0.051465 0.000825 -0.001867 -0.021074 0.999776
1765940683.515446901 2.275710 -0.184459 -0.050769 -0.000205 -0.004331 -0.021641 0.999756
1765940683.615422726 2.319700 -0.188238 -0.052594 -0.002105 -0.003630 -0.021874 0.999752
1765940683.715396166 2.363730 -0.195907 -0.053829 0.000050 -0.004341 -0.021165 0.999766
1765940683.815416574 2.404600 -0.202790 -0.052312 0.001315 -0.005418 -0.020614 0.999772
1765940683.917248487 2.451240 -0.204282 -0.054987 0.000622 -0.004093 -0.021170 0.999767
1765940684.013809919 2.494970 -0.208936 -0.061970 -0.000243 -0.001764 -0.021751 0.999762
1765940684.115713358 2.535760 -0.214290 -0.057524 0.000197 -0.000947 -0.021899 0.999760
1765940684.215439796 2.570780 -0.218945 -0.060023 0.000404 -0.002946 -0.022052 0.999752
1765940684.315506697 2.607640 -0.226218 -0.062035 -0.000705 -0.003487 -0.023211 0.999724
1765940684.415499210 2.644810 -0.229185 -0.061114 -0.000693 -0.003537 -0.023753 0.999711
1765940684.515553713 2.681860 -0.233541 -0.063057 0.000757 -0.004726 -0.023938 0.999702
1765940684.616432428 2.717250 -0.240355 -0.065656 0.000200 -0.004241 -0.023839 0.999707
1765940684.715492010 2.757480 -0.244588 -0.067390 -0.001239 -0.004016 -0.024374 0.999694
1765940684.815467596 2.794000 -0.252790 -0.065099 -0.000907 -0.003370 -0.024517 0.999693
1765940684.915509224 2.826920 -0.254841 -0.065617 0.000321 -0.004305 -0.024297 0.999695
1765940685.015513897 2.855870 -0.258774 -0.065823 0.000094 -0.004844 -0.023948 0.999701
1765940685.115522861 2.890530 -0.260148 -0.063632 -0.000117 -0.004941 -0.023626 0.999709
1765940685.214786053 2.922330 -0.263582 -0.068693 -0.001834 -0.006407 -0.023998 0.999690
1765940685.315617323 2.962490 -0.268306 -0.068071 -0.000635 -0.005275 -0.023659 0.999706
1765940685.417651415 2.999480 -0.277899 -0.066814 0.001019 -0.005282 -0.023358 0.999713
1765940685.518368483 3.041580 -0.286397 -0.072394 0.001172 -0.004033 -0.023397 0.999717
1765940685.615648746 3.085500 -0.284965 -0.071506 -0.000945 -0.003564 -0.024679 0.999689
1765940685.715573549 3.128640 -0.289108 -0.072973 -0.000560 -0.002197 -0.025208 0.999680
1765940685.815554619 3.167940 -0.292179 -0.074895 -0.000116 -0.002693 -0.025049 0.999683
1765940685.915870667 3.207230 -0.296003 -0.070631 -0.000596 -0.004457 -0.024230 0.999696
1765940686.015212536 3.249090 -0.295110 -0.069404 -0.001747 -0.005200 -0.023864 0.999700
1765940686.115525961 3.290420 -0.306205 -0.068896 0.000333 -0.005376 -0.022920 0.999723
1765940686.215511322 3.330230 -0.311059 -0.068578 0.001901 -0.005569 -0.022881 0.999721
1765940686.315914392 3.369950 -0.313975 -0.067101 0.000347 -0.005432 -0.022895 0.999723
1765940686.415279627 3.415070 -0.310402 -0.072506 -0.001613 -0.006573 -0.023459 0.999702
1765940686.515536308 3.462410 -0.316969 -0.071336 0.001046 -0.005095 -0.023587 0.999708
1765940686.625097036 3.507400 -0.321697 -0.074311 0.001525 -0.004979 -0.023815 0.999703
1765940686.715538025 3.554990 -0.326016 -0.073272 0.000699 -0.004021 -0.024442 0.999693
1765940686.815529108 3.595950 -0.334086 -0.076841 -0.000351 -0.003595 -0.025474 0.999669
1765940686.919910431 3.638230 -0.338934 -0.078071 0.000231 -0.003413 -0.025508 0.999669
1765940687.015494347 3.679320 -0.346618 -0.082914 0.000979 -0.003705 -0.025362 0.999671
1765940687.116578341 3.721350 -0.345359 -0.083880 -0.000231 -0.004870 -0.025234 0.999670
1765940687.215472460 3.760830 -0.353466 -0.083065 -0.000439 -0.004812 -0.025266 0.999669
1765940687.315743208 3.801910 -0.357352 -0.081093 0.000443 -0.005059 -0.025285 0.999667
1765940687.415813923 3.845910 -0.361334 -0.084615 0.000662 -0.005177 -0.025051 0.999673
1765940687.515817404 3.886850 -0.367905 -0.089421 -0.001051 -0.005875 -0.025618 0.999654
1765940687.615566492 3.932510 -0.375643 -0.084816 -0.001099 -0.005995 -0.025588 0.999654
1765940687.715594530 3.978620 -0.375754 -0.088423 0.000007 -0.005817 -0.025415 0.999660
1765940687.820832729 4.026520 -0.384152 -0.089792 -0.000377 -0.004013 -0.024837 0.999683
1765940687.915587187 4.077660 -0.390751 -0.094072 -0.001578 -0.003105 -0.025006 0.999681
1765940688.015907288 4.125300 -0.392549 -0.092934 -0.000696 -0.002096 -0.024553 0.999696
1765940688.115103245 4.170490 -0.397694 -0.096988 0.000246 -0.002258 -0.024228 0.999704
1765940688.216678858 4.216830 -0.404782 -0.100270 -0.001381 -0.002729 -0.024835 0.999687
1765940688.315241814 4.263150 -0.405677 -0.098740 -0.001727 -0.004620 -0.025547 0.999661
1765940688.415247202 4.302710 -0.422476 -0.096076 0.000441 -0.007027 -0.025534 0.999649
1765940688.515213013 4.347130 -0.431586 -0.100981 -0.000061 -0.007749 -0.025576 0.999643
1765940688.615215302 4.398480 -0.439715 -0.104350 -0.002065 -0.006757 -0.026061 0.999635
1765940688.715609074 4.448000 -0.439176 -0.102583 -0.000916 -0.005898 -0.026014 0.999644
1765940688.815275192 4.497620 -0.450327 -0.103857 0.000842 -0.004792 -0.025957 0.999651
1765940688.915732384 4.555900 -0.453657 -0.112236 -0.001290 -0.003414 -0.026907 0.999631
1765940689.015185356 4.612810 -0.455103 -0.104212 -0.000667 -0.001111 -0.027417 0.999623
1765940689.115870953 4.661860 -0.459263 -0.101117 0.001967 -0.001350 -0.027704 0.999613
1765940689.215680361 4.709800 -0.465064 -0.099401 0.000060 -0.001923 -0.028403 0.999595
1765940689.315701723 4.755450 -0.472188 -0.107638 -0.002048 -0.003092 -0.029181 0.999567
1765940689.415189981 4.802060 -0.478176 -0.106485 0.000191 -0.006157 -0.029482 0.999546
1765940689.515148878 4.851020 -0.480884 -0.101135 0.001228 -0.006237 -0.029563 0.999543
1765940689.615170002 4.901960 -0.488870 -0.103553 -0.001291 -0.005307 -0.029117 0.999561
1765940689.715252638 4.953000 -0.486866 -0.105987 -0.000892 -0.005698 -0.029206 0.999557
1765940689.815699339 5.011420 -0.491334 -0.105149 -0.000098 -0.004496 -0.028782 0.999576
1765940689.920626879 5.063410 -0.501116 -0.103569 -0.000449 -0.003507 -0.028893 0.999576
1765940690.015617371 5.116050 -0.507395 -0.110342 -0.000002 -0.003443 -0.029207 0.999567
1765940690.115228176 5.163540 -0.515908 -0.107770 0.000830 -0.003759 -0.029729 0.999550
1765940690.215737581 5.214770 -0.518405 -0.114511 0.000099 -0.004229 -0.030434 0.999528
1765940690.315680981 5.260040 -0.526327 -0.111051 0.000228 -0.005009 -0.030054 0.999536
1765940690.421039581 5.310990 -0.533228 -0.113756 0.001621 -0.005785 -0.029614 0.999543
1765940690.515920639 5.362800 -0.534997 -0.110098 -0.000208 -0.005890 -0.030703 0.999511
1765940690.615290880 5.412110 -0.549087 -0.111612 -0.000178 -0.005333 -0.031608 0.999486
1765940690.715266466 5.463740 -0.560553 -0.113969 0.001424 -0.004108 -0.033466 0.999430
1765940690.809868574 5.516200 -0.569431 -0.119669 0.000961 -0.002493 -0.036527 0.999329
1765940690.915298700 5.566890 -0.577881 -0.120923 -0.001579 -0.000444 -0.039111 0.999234
1765940691.015775919 5.609800 -0.588471 -0.118566 0.000363 -0.001290 -0.041548 0.999135
1765940691.115293741 5.654900 -0.599370 -0.126973 -0.000329 -0.002778 -0.044242 0.999017
1765940691.215224981 5.701050 -0.605341 -0.128972 -0.001958 -0.003138 -0.047899 0.998845
1765940691.319073677 5.743160 -0.617149 -0.127481 -0.001051 -0.004722 -0.050429 0.998716
1765940691.415752649 5.786090 -0.631676 -0.132886 -0.001254 -0.005920 -0.053749 0.998536
1765940691.515111446 5.831270 -0.647749 -0.132572 -0.002910 -0.005157 -0.057529 0.998326
1765940691.615290880 5.873270 -0.662405 -0.130605 -0.002496 -0.005257 -0.062383 0.998035
1765940691.715757847 5.917370 -0.681418 -0.130353 -0.001223 -0.006037 -0.068657 0.997621
1765940691.815175533 5.966860 -0.700985 -0.135659 -0.003353 -0.003987 -0.075629 0.997122
1765940691.915183306 6.010680 -0.741633 -0.137020 -0.004409 -0.002804 -0.082840 0.996549
1765940692.015770912 6.055070 -0.754456 -0.135140 -0.003102 -0.001283 -0.091201 0.995827
1765940692.115297079 6.101980 -0.761893 -0.137402 -0.002761 -0.002542 -0.099579 0.995023
1765940692.215758324 6.141320 -0.786128 -0.136449 -0.002907 -0.002859 -0.108351 0.994104
1765940692.315249205 6.179520 -0.818886 -0.140557 -0.003561 -0.004224 -0.117097 0.993105
1765940692.415795565 6.214880 -0.840727 -0.140565 -0.004085 -0.005952 -0.128265 0.991714
1765940692.515280485 6.259150 -0.869015 -0.142918 -0.003240 -0.006608 -0.139306 0.990222
1765940692.615326643 6.301020 -0.905338 -0.141959 -0.003601 -0.007267 -0.150817 0.988528
1765940692.715191126 6.345220 -0.940077 -0.141515 -0.004057 -0.006685 -0.162466 0.986683
1765940692.819992304 6.405710 -0.943538 -0.141604 -0.004843 -0.007273 -0.175984 0.984354
1765940692.915221453 6.469830 -0.955727 -0.145659 -0.004986 -0.005642 -0.189737 0.981806
1765940693.015316248 6.494250 -1.003483 -0.151116 -0.006388 -0.006102 -0.201415 0.979466
1765940693.115879774 6.540760 -1.031433 -0.154060 -0.005769 -0.005029 -0.213246 0.976969
1765940693.215786219 6.602660 -1.047743 -0.145590 -0.007777 -0.004518 -0.225862 0.974118
1765940693.315156698 6.645670 -1.078533 -0.150311 -0.007711 -0.005183 -0.236095 0.971685
1765940693.415291548 6.682320 -1.114013 -0.148749 -0.006395 -0.004767 -0.246386 0.969139
1765940693.516170740 6.716950 -1.149743 -0.149942 -0.006529 -0.004256 -0.255933 0.966663
1765940693.615306139 6.763810 -1.168543 -0.150095 -0.005888 -0.003620 -0.266714 0.963751
1765940693.715287447 6.783110 -1.219953 -0.147521 -0.006751 -0.004859 -0.278031 0.960536
1765940693.815240383 6.811970 -1.254433 -0.146214 -0.005550 -0.005331 -0.289295 0.957209
1765940693.915724039 6.843590 -1.290933 -0.141308 -0.005248 -0.007086 -0.300550 0.953725
1765940694.015097857 6.870100 -1.334583 -0.137753 -0.005200 -0.007441 -0.311125 0.950326
1765940694.115842104 6.903270 -1.366293 -0.140888 -0.006352 -0.008989 -0.323256 0.946248
1765940694.215164661 6.934710 -1.405873 -0.147736 -0.007000 -0.008245 -0.335638 0.941929
1765940694.315840244 6.966290 -1.455653 -0.144692 -0.007076 -0.006802 -0.346562 0.937976
1765940694.415275812 6.994330 -1.493883 -0.159104 -0.008506 -0.006273 -0.356301 0.934311
1765940694.515202761 7.019870 -1.526823 -0.144590 -0.009740 -0.004789 -0.365135 0.930891
1765940694.615761042 7.039960 -1.548563 -0.147792 -0.009842 -0.006419 -0.373233 0.927663
1765940694.714902639 7.069420 -1.592683 -0.151259 -0.011217 -0.006559 -0.382993 0.923660
1765940694.815208435 7.094560 -1.632183 -0.149037 -0.012654 -0.007210 -0.394206 0.918906
1765940694.915139914 7.109460 -1.677853 -0.148185 -0.012129 -0.007711 -0.404088 0.914607
1765940695.015548706 7.128770 -1.718793 -0.149247 -0.011988 -0.007738 -0.414760 0.909819
1765940695.115926027 7.153440 -1.758453 -0.148160 -0.011799 -0.006123 -0.423831 0.905644
1765940695.218810797 7.168350 -1.802203 -0.146334 -0.012539 -0.007052 -0.433708 0.900939
1765940695.315948009 7.184450 -1.849533 -0.145548 -0.012246 -0.006002 -0.443652 0.896095
1765940695.415178299 7.199310 -1.880483 -0.143687 -0.011478 -0.006927 -0.452670 0.891577
1765940695.515914679 7.217120 -1.924953 -0.142929 -0.011000 -0.008616 -0.461472 0.887045
1765940695.615893602 7.236400 -1.954813 -0.138660 -0.011357 -0.009710 -0.471650 0.881659
1765940695.716007471 7.248390 -2.001473 -0.138929 -0.011467 -0.008654 -0.481007 0.876599
1765940695.815905094 7.264660 -2.042533 -0.141734 -0.012557 -0.009893 -0.490904 0.871067
1765940695.915302038 7.276690 -2.080373 -0.145251 -0.013464 -0.009169 -0.498738 0.866600
1765940696.021760941 7.287060 -2.126723 -0.152048 -0.014323 -0.010736 -0.505493 0.862645
1765940696.115198374 7.301350 -2.167403 -0.151928 -0.013922 -0.009872 -0.511539 0.859090
1765940696.215267420 7.311990 -2.207953 -0.136650 -0.014213 -0.009873 -0.516457 0.856138
1765940696.315877438 7.326280 -2.234233 -0.152888 -0.015799 -0.010654 -0.521841 0.852830
1765940696.415606976 7.335260 -2.275713 -0.153514 -0.016308 -0.010765 -0.528090 0.848963
1765940696.516311646 7.346090 -2.308963 -0.149583 -0.015056 -0.011356 -0.533489 0.845597
1765940696.615292072 7.347750 -2.353533 -0.153480 -0.015213 -0.013410 -0.538685 0.842263
1765940696.716039896 7.362350 -2.390223 -0.162777 -0.015499 -0.011725 -0.544538 0.838511
1765940696.815244913 7.365460 -2.434323 -0.143839 -0.015717 -0.012167 -0.549966 0.834950
1765940696.915979147 7.375920 -2.472223 -0.154043 -0.015886 -0.011945 -0.556385 0.830687
1765940697.015192032 7.383570 -2.510393 -0.142403 -0.013915 -0.012681 -0.561693 0.827132
1765940697.115220785 7.391220 -2.552983 -0.145741 -0.014782 -0.012168 -0.566522 0.823824
1765940697.215225697 7.402260 -2.591673 -0.150858 -0.014409 -0.012262 -0.570924 0.820785
1765940697.315227509 7.411980 -2.630943 -0.145016 -0.015446 -0.011676 -0.575208 0.817778
1765940697.415234089 7.414370 -2.666993 -0.149184 -0.015621 -0.011502 -0.578487 0.815461
1765940697.515403509 7.425110 -2.702173 -0.144591 -0.015515 -0.011740 -0.582708 0.812449
1765940697.615216970 7.432140 -2.742713 -0.147696 -0.015391 -0.011140 -0.585733 0.810281
1765940697.715261698 7.437890 -2.778303 -0.142141 -0.015559 -0.011561 -0.589146 0.807794
1765940697.816625595 7.446160 -2.818323 -0.145420 -0.015653 -0.010643 -0.592791 0.805133
1765940697.915112972 7.452390 -2.853003 -0.142218 -0.016119 -0.010539 -0.596483 0.802395
1765940698.017931461 7.459350 -2.892183 -0.141722 -0.015408 -0.010078 -0.600111 0.799704
1765940698.116369247 7.459140 -2.930443 -0.141284 -0.015722 -0.011277 -0.603453 0.797164
1765940698.215334415 7.463850 -2.969563 -0.144367 -0.015409 -0.010360 -0.607605 0.794022
1765940698.316101551 7.465180 -3.011223 -0.142506 -0.016031 -0.010742 -0.611839 0.790747
1765940698.415953159 7.469530 -3.053183 -0.143206 -0.016057 -0.010720 -0.616112 0.787422
1765940698.515246391 7.473430 -3.099363 -0.141843 -0.015450 -0.010139 -0.620022 0.784367
1765940698.616007328 7.478060 -3.139753 -0.142126 -0.014896 -0.010223 -0.624202 0.781054
1765940698.716083288 7.480640 -3.180673 -0.146829 -0.014737 -0.009880 -0.627253 0.778614
1765940698.815336227 7.486940 -3.215603 -0.139170 -0.015808 -0.009678 -0.630595 0.775891
1765940698.916046381 7.492210 -3.261223 -0.149550 -0.016603 -0.009539 -0.634542 0.772651
1765940699.016102076 7.488200 -3.299393 -0.143994 -0.016145 -0.010334 -0.637262 0.770408
1765940699.115363121 7.488310 -3.338753 -0.140591 -0.015484 -0.009876 -0.640588 0.767665
1765940699.215428829 7.491180 -3.384173 -0.140722 -0.015563 -0.009611 -0.644313 0.764543
1765940699.316358089 7.489250 -3.427723 -0.143227 -0.016322 -0.009871 -0.647946 0.761448
1765940699.416047573 7.488200 -3.465263 -0.142301 -0.015746 -0.009389 -0.651449 0.758471
1765940699.515330553 7.487400 -3.505413 -0.150761 -0.016057 -0.009942 -0.655011 0.755383
1765940699.615310192 7.486900 -3.539693 -0.148140 -0.015631 -0.009581 -0.658370 0.752471
1765940699.715363979 7.485560 -3.582353 -0.141091 -0.015774 -0.009362 -0.661042 0.750125
1765940699.816158533 7.488660 -3.617183 -0.145418 -0.016740 -0.009734 -0.664785 0.746784
1765940699.917551041 7.488890 -3.660993 -0.126409 -0.014963 -0.010095 -0.667388 0.744491
1765940700.015470505 7.481460 -3.706113 -0.145472 -0.016443 -0.011455 -0.669398 0.742633
1765940700.122794151 7.480390 -3.746233 -0.143776 -0.015292 -0.010327 -0.671817 0.740487
1765940700.215362310 7.477370 -3.792623 -0.147515 -0.016707 -0.009467 -0.675480 0.737128
1765940700.315356255 7.469930 -3.838593 -0.137233 -0.014617 -0.008925 -0.679332 0.733631
1765940700.416106462 7.469290 -3.878673 -0.138952 -0.015072 -0.009601 -0.683323 0.729898
1765940700.515394926 7.468590 -3.924573 -0.137995 -0.015053 -0.009346 -0.687326 0.726133
1765940700.615418673 7.465770 -3.963243 -0.136132 -0.015030 -0.009945 -0.691319 0.722325
1765940700.715363979 7.458170 -4.004613 -0.132564 -0.014904 -0.010493 -0.694679 0.719089
1765940700.816158533 7.456550 -4.047673 -0.135847 -0.016468 -0.011469 -0.697005 0.716785
1765940700.916199446 7.449860 -4.094372 -0.139989 -0.016820 -0.012798 -0.698952 0.714856
1765940701.016173363 7.445560 -4.140552 -0.136355 -0.017122 -0.011882 -0.701235 0.712625
1765940701.115999937 7.442920 -4.177062 -0.127018 -0.017111 -0.011679 -0.704629 0.709274
1765940701.215489388 7.433530 -4.225982 -0.122902 -0.016467 -0.012161 -0.707416 0.706501
1765940701.315937996 7.425950 -4.268622 -0.116520 -0.016305 -0.012818 -0.710368 0.703524
1765940701.415443420 7.419040 -4.319362 -0.134275 -0.017914 -0.013101 -0.712836 0.700979
1765940701.515348911 7.412570 -4.358292 -0.127652 -0.017698 -0.013598 -0.715054 0.698713
1765940701.615356445 7.408980 -4.396442 -0.132237 -0.018703 -0.014787 -0.716622 0.697054
1765940701.715390921 7.406120 -4.439302 -0.129120 -0.019193 -0.016327 -0.717639 0.695959
1765940701.815428257 7.400810 -4.481722 -0.143103 -0.021088 -0.017111 -0.718284 0.695220
1765940701.916472673 7.396040 -4.534742 -0.132118 -0.020661 -0.017148 -0.719142 0.694344
1765940702.017238855 7.397930 -4.588082 -0.136661 -0.019834 -0.017228 -0.719671 0.693818
1765940702.115396023 7.393690 -4.631572 -0.132072 -0.019619 -0.015948 -0.719996 0.693517
1765940702.215459824 7.392120 -4.681552 -0.115024 -0.019098 -0.012970 -0.720208 0.693373
1765940702.315464973 7.389550 -4.730422 -0.141572 -0.020579 -0.014728 -0.720207 0.693297
1765940702.415414572 7.382980 -4.773732 -0.124306 -0.019553 -0.015752 -0.719622 0.693911
1765940702.516379833 7.378150 -4.818672 -0.127832 -0.021489 -0.015183 -0.719694 0.693792
1765940702.615506887 7.373890 -4.863962 -0.117093 -0.021176 -0.014782 -0.719646 0.693860
1765940702.716076612 7.373480 -4.909192 -0.118530 -0.020626 -0.015782 -0.719403 0.694107
1765940702.816409111 7.373840 -4.953822 -0.116161 -0.021104 -0.015133 -0.719218 0.694299
1765940702.921931982 7.371730 -5.000212 -0.118415 -0.021626 -0.014213 -0.719544 0.693964
1765940703.015504837 7.365390 -5.050412 -0.113590 -0.021324 -0.014660 -0.719631 0.693874
1765940703.116266489 7.362240 -5.093582 -0.113754 -0.021000 -0.014700 -0.719662 0.693850
1765940703.214571238 7.358040 -5.142272 -0.111731 -0.021632 -0.014367 -0.719723 0.693775
1765940703.316480398 7.355150 -5.184542 -0.104507 -0.021252 -0.013261 -0.719839 0.693688
1765940703.415395260 7.353780 -5.229472 -0.111478 -0.021323 -0.013350 -0.719402 0.694138
1765940703.515106678 7.349060 -5.273672 -0.109854 -0.020639 -0.012504 -0.718503 0.695105
1765940703.618051529 7.347320 -5.307232 -0.112358 -0.021953 -0.013001 -0.716967 0.696640
1765940703.712181091 7.347110 -5.341892 -0.113626 -0.022858 -0.013687 -0.714654 0.698970
1765940703.823056221 7.350150 -5.381552 -0.131001 -0.023975 -0.014590 -0.710891 0.702741
1765940703.916234016 7.359030 -5.412572 -0.123580 -0.024037 -0.013922 -0.706260 0.707408
1765940704.015119314 7.366790 -5.447082 -0.137019 -0.024119 -0.012668 -0.701250 0.712394
1765940704.115480900 7.373640 -5.480912 -0.135162 -0.023980 -0.012470 -0.695438 0.718078
1765940704.216314793 7.388620 -5.509562 -0.123320 -0.023229 -0.012358 -0.689415 0.723888
1765940704.315543890 7.398000 -5.545922 -0.131871 -0.022662 -0.013126 -0.683343 0.729628
1765940704.415969610 7.416090 -5.568912 -0.133173 -0.024741 -0.012439 -0.676965 0.735494
1765940704.515774012 7.418880 -5.611232 -0.137825 -0.024927 -0.011913 -0.669722 0.742098
1765940704.615482807 7.420740 -5.638792 -0.117052 -0.023044 -0.012357 -0.662933 0.748222
1765940704.717667103 7.433710 -5.672402 -0.122662 -0.022520 -0.013150 -0.656642 0.753751
1765940704.815525532 7.449150 -5.703082 -0.123898 -0.022574 -0.013108 -0.650748 0.758844
1765940704.915549994 7.455630 -5.740742 -0.120671 -0.022421 -0.012887 -0.644843 0.763878
1765940705.016980648 7.463370 -5.778522 -0.107543 -0.020995 -0.013003 -0.639349 0.768520
1765940705.115513563 7.472390 -5.808232 -0.099361 -0.020097 -0.012944 -0.634493 0.772559
1765940705.215750217 7.483040 -5.843212 -0.092624 -0.019529 -0.012495 -0.630207 0.776081
1765940705.315674067 7.490670 -5.879112 -0.105614 -0.020170 -0.013147 -0.625649 0.779733
1765940705.415734291 7.501180 -5.911352 -0.111200 -0.020282 -0.013408 -0.620787 0.783602
1765940705.516284704 7.513130 -5.944952 -0.099832 -0.019212 -0.013053 -0.615787 0.787570
1765940705.615565777 7.520080 -5.978112 -0.108348 -0.019304 -0.014471 -0.610132 0.791933
1765940705.715624809 7.530620 -6.009442 -0.101245 -0.017439 -0.014209 -0.604013 0.796656
1765940705.815624714 7.542990 -6.043772 -0.110668 -0.019228 -0.013952 -0.598308 0.800914
1765940705.915951729 7.561100 -6.080412 -0.113185 -0.018728 -0.013182 -0.592448 0.805283
1765940706.015654564 7.569780 -6.112122 -0.107738 -0.018542 -0.013785 -0.586684 0.809487
1765940706.116580963 7.583820 -6.141572 -0.106870 -0.017044 -0.013696 -0.580790 0.813760
1765940706.215642452 7.600560 -6.171932 -0.115763 -0.017954 -0.013308 -0.575095 0.817781
1765940706.316490412 7.621220 -6.197082 -0.112524 -0.018029 -0.012178 -0.569637 0.821608
1765940706.416305780 7.632720 -6.233282 -0.117051 -0.018015 -0.012550 -0.563848 0.825586
1765940706.516653776 7.648960 -6.267282 -0.111964 -0.016673 -0.013117 -0.558503 0.829231
1765940706.616095781 7.670140 -6.292972 -0.117855 -0.016805 -0.013417 -0.552553 0.833200
1765940706.715642452 7.689050 -6.326112 -0.121009 -0.019348 -0.011259 -0.547174 0.836719
1765940706.816409349 7.707390 -6.349882 -0.106276 -0.017925 -0.010057 -0.541483 0.840460
1765940706.916196585 7.723580 -6.381902 -0.098979 -0.017180 -0.010999 -0.536576 0.843605
1765940707.016412020 7.739900 -6.413592 -0.093490 -0.016665 -0.010429 -0.531406 0.846889
1765940707.115450382 7.761150 -6.439942 -0.103104 -0.018247 -0.011080 -0.527534 0.849265
1765940707.215629101 7.773240 -6.481972 -0.091913 -0.017466 -0.010176 -0.523341 0.851883
1765940707.316422701 7.793610 -6.510922 -0.104890 -0.019414 -0.010428 -0.520042 0.853856
1765940707.415773869 7.813660 -6.548542 -0.121556 -0.019287 -0.010698 -0.516492 0.856008
1765940707.516854048 7.834200 -6.579252 -0.104052 -0.017710 -0.009831 -0.512190 0.858633
1765940707.617197037 7.853270 -6.617012 -0.107838 -0.018168 -0.010943 -0.507252 0.861537
1765940707.715624094 7.872370 -6.642572 -0.110634 -0.017941 -0.011452 -0.503185 0.863916
1765940707.816308498 7.893930 -6.669272 -0.096196 -0.018313 -0.012036 -0.499231 0.866192
1765940707.915629148 7.914560 -6.709022 -0.104286 -0.017748 -0.012896 -0.495408 0.868383
1765940708.015661001 7.941380 -6.740032 -0.111435 -0.018371 -0.014020 -0.493025 0.869708
1765940708.115746975 7.960460 -6.773682 -0.116567 -0.017506 -0.014311 -0.490444 0.871179
1765940708.215646267 7.982540 -6.805542 -0.118749 -0.017546 -0.014717 -0.488608 0.872203
1765940708.315633297 8.006350 -6.844022 -0.115745 -0.016924 -0.013275 -0.486885 0.873201
1765940708.415659666 8.026230 -6.880932 -0.116598 -0.016278 -0.013236 -0.484795 0.874376
1765940708.515704393 8.047670 -6.917062 -0.118188 -0.015464 -0.013145 -0.483051 0.875357
1765940708.615693331 8.072710 -6.948082 -0.120417 -0.014641 -0.014170 -0.481769 0.876061
1765940708.715678692 8.090130 -6.988232 -0.126270 -0.015098 -0.014973 -0.480755 0.876597
1765940708.816490650 8.114140 -7.027402 -0.116695 -0.015663 -0.014683 -0.480785 0.876576
1765940708.915226936 8.141460 -7.064422 -0.116004 -0.014947 -0.014170 -0.480889 0.876539
1765940709.017715454 8.157510 -7.107052 -0.125970 -0.014370 -0.015310 -0.480057 0.876986
1765940709.118316174 8.184650 -7.144372 -0.120660 -0.014302 -0.013113 -0.480323 0.876877
1765940709.215794325 8.207110 -7.190682 -0.122252 -0.013844 -0.012392 -0.480147 0.876992
1765940709.315703630 8.227280 -7.234312 -0.115157 -0.012312 -0.012145 -0.479929 0.877137
1765940709.416451693 8.251460 -7.268102 -0.118436 -0.012393 -0.011849 -0.480138 0.877025
1765940709.515738010 8.274430 -7.305622 -0.115001 -0.014377 -0.010603 -0.480940 0.876572
1765940709.615782738 8.300970 -7.343762 -0.125558 -0.014977 -0.010951 -0.481195 0.876418
1765940709.715543985 8.317530 -7.387702 -0.107472 -0.012941 -0.011329 -0.480368 0.876898
1765940709.816588402 8.342620 -7.417282 -0.116565 -0.014026 -0.010367 -0.480923 0.876589
1765940709.915762901 8.360370 -7.457281 -0.115239 -0.013966 -0.009317 -0.480781 0.876680
1765940710.017991543 8.376700 -7.489631 -0.109813 -0.013908 -0.010352 -0.480632 0.876751
1765940710.115760326 8.392480 -7.522751 -0.101761 -0.014656 -0.011610 -0.480167 0.876978
1765940710.215841055 8.413390 -7.555591 -0.113541 -0.015457 -0.012854 -0.480051 0.877010
1765940710.315662622 8.433310 -7.586231 -0.119538 -0.016893 -0.012260 -0.481606 0.876140
1765940710.415817022 8.452020 -7.626271 -0.103382 -0.014534 -0.010525 -0.484425 0.874649
1765940710.515754461 8.465500 -7.661831 -0.114880 -0.014649 -0.010916 -0.489051 0.872064
1765940710.615756273 8.480940 -7.691251 -0.104836 -0.013674 -0.009954 -0.495295 0.868560
1765940710.715649128 8.488440 -7.725591 -0.108226 -0.014892 -0.013378 -0.502095 0.864581
1765940710.817469358 8.501570 -7.766901 -0.101564 -0.015506 -0.012892 -0.510206 0.859816
1765940710.916613340 8.510920 -7.804221 -0.143679 -0.017429 -0.016434 -0.519322 0.854243
1765940711.016591787 8.516810 -7.848351 -0.127074 -0.017435 -0.016478 -0.529559 0.847934
1765940711.115679026 8.527040 -7.890341 -0.137625 -0.017918 -0.016533 -0.539953 0.841342
1765940711.215559721 8.535010 -7.935371 -0.121394 -0.017492 -0.015066 -0.549910 0.834904
1765940711.319088697 8.539000 -7.968581 -0.121082 -0.017864 -0.013712 -0.557513 0.829862
1765940711.410816908 8.535780 -8.004091 -0.116598 -0.018377 -0.015297 -0.565108 0.824671
1765940711.516560793 8.534050 -8.044901 -0.102589 -0.018629 -0.012405 -0.573740 0.818732
1765940711.611138344 8.535300 -8.085571 -0.133662 -0.019982 -0.014045 -0.583522 0.811730
1765940711.715673685 8.528210 -8.124901 -0.149305 -0.022660 -0.011806 -0.591994 0.805537
1765940711.815139294 8.526970 -8.167021 -0.145171 -0.022023 -0.013803 -0.600391 0.799284
1765940711.919054747 8.528020 -8.199991 -0.121918 -0.021567 -0.011274 -0.608911 0.792865
1765940712.020301104 8.518930 -8.240301 -0.131617 -0.021592 -0.011089 -0.617170 0.786455
1765940712.117524624 8.526560 -8.280151 -0.099499 -0.021037 -0.010136 -0.626644 0.778956
1765940712.218770027 8.537070 -8.330261 -0.169459 -0.027621 -0.009169 -0.637780 0.769668
1765940712.322445154 8.525590 -8.368861 -0.213102 -0.032593 -0.009708 -0.647246 0.761522
1765940712.423125505 8.482350 -8.414151 -0.231143 -0.033674 -0.009139 -0.654585 0.755183
1765940712.515820503 8.472960 -8.457931 -0.227200 -0.033497 -0.009885 -0.663350 0.747493
1765940712.615858793 8.465460 -8.498171 -0.195190 -0.029661 -0.009956 -0.670665 0.741100
1765940712.716578245 8.468680 -8.531821 -0.188956 -0.030384 -0.009992 -0.678169 0.734209
1765940712.816625834 8.459980 -8.572921 -0.185370 -0.031477 -0.009744 -0.686374 0.726502
1765940712.915331841 8.450320 -8.619251 -0.178943 -0.029752 -0.009076 -0.694415 0.718902
1765940713.015131950 8.431250 -8.655191 -0.191714 -0.030764 -0.009938 -0.702147 0.711298
1765940713.115130186 8.424400 -8.690061 -0.154037 -0.027472 -0.009855 -0.708855 0.704750
1765940713.215883493 8.409180 -8.730731 -0.182181 -0.030781 -0.009798 -0.715932 0.697422
1765940713.316671371 8.395110 -8.768911 -0.168017 -0.028982 -0.007946 -0.722332 0.690893
1765940713.416799545 8.381870 -8.803991 -0.129180 -0.025188 -0.011416 -0.729079 0.683871
1765940713.515849590 8.386500 -8.839911 -0.127536 -0.027611 -0.009148 -0.736641 0.675658
1765940713.615789890 8.375990 -8.876891 -0.085278 -0.020951 -0.011531 -0.744161 0.667572
1765940713.715245962 8.354330 -8.912521 -0.069445 -0.017140 -0.012517 -0.750951 0.660017
1765940713.815857172 8.331140 -8.954981 -0.086503 -0.019732 -0.011511 -0.756509 0.653583
1765940713.917217731 8.309550 -8.989401 -0.097333 -0.020954 -0.010655 -0.761588 0.647635
1765940714.015857935 8.287340 -9.028481 -0.058758 -0.017227 -0.012077 -0.767425 0.640793
1765940714.115903378 8.271970 -9.062251 -0.054979 -0.016828 -0.011098 -0.773948 0.632928
1765940714.215154648 8.265340 -9.098621 -0.028793 -0.014055 -0.011849 -0.779513 0.626116
1765940714.315182447 8.244240 -9.127081 -0.028654 -0.014447 -0.012729 -0.784356 0.620012
1765940714.415832758 8.233450 -9.162371 -0.006966 -0.012695 -0.013134 -0.788134 0.615232
1765940714.516729116 8.216910 -9.194521 -0.018144 -0.016610 -0.012635 -0.792757 0.609181
1765940714.615150690 8.186040 -9.238421 -0.022332 -0.015975 -0.012481 -0.797452 0.603041
1765940714.713661432 8.164930 -9.282881 -0.031455 -0.016028 -0.012609 -0.801633 0.597468
1765940714.817915678 8.153090 -9.316351 -0.055461 -0.017644 -0.013179 -0.806617 0.590664
1765940714.915846586 8.116990 -9.364611 -0.102115 -0.024734 -0.010695 -0.810971 0.584465
1765940715.016596794 8.099820 -9.397151 -0.054144 -0.017851 -0.012892 -0.814849 0.579255
1765940715.117588758 8.078150 -9.438111 -0.077632 -0.021262 -0.012647 -0.819203 0.572969
1765940715.215146542 8.056380 -9.479171 -0.101619 -0.025176 -0.013549 -0.823181 0.567058
1765940715.323060751 8.041940 -9.507991 -0.084523 -0.023212 -0.013407 -0.827069 0.561461
1765940715.415903807 8.013180 -9.551751 -0.111073 -0.028174 -0.013852 -0.830777 0.555719
1765940715.515262604 7.986890 -9.580300 -0.138862 -0.029856 -0.014364 -0.834680 0.549737
1765940715.615974903 7.954960 -9.618340 -0.166216 -0.030414 -0.014633 -0.839159 0.542838
1765940715.715287209 7.933090 -9.654690 -0.100779 -0.030414 -0.013775 -0.842916 0.537008
1765940715.815162897 7.906600 -9.686300 -0.118671 -0.030181 -0.013917 -0.846937 0.530652
1765940715.916712284 7.874940 -9.724240 -0.083786 -0.031741 -0.013215 -0.849723 0.526106
1765940716.016755342 7.851990 -9.748290 -0.065954 -0.030401 -0.013846 -0.853745 0.519617
1765940716.116420507 7.824700 -9.788360 -0.095691 -0.030753 -0.014186 -0.857334 0.513646
1765940716.215667963 7.793060 -9.820230 -0.111619 -0.032095 -0.016599 -0.860731 0.507775
1765940716.315947533 7.765360 -9.847110 -0.098604 -0.030521 -0.015107 -0.863453 0.503279
1765940716.415975094 7.727720 -9.877730 -0.109935 0.033705 0.015999 0.866590 -0.497623
1765940716.515897751 7.702180 -9.909420 -0.084592 0.034297 0.014513 0.869777 -0.492038
1765940716.611705780 7.663980 -9.944180 -0.086730 0.030449 0.015959 0.872959 -0.486581
1765940716.715942383 7.643420 -9.972680 -0.062802 0.030425 0.016247 0.875848 -0.481353
1765940716.815150261 7.617910 -10.005300 -0.050492 0.031290 0.016189 0.878133 -0.477117
1765940716.915006399 7.597370 -10.034900 -0.056083 0.027127 0.018447 0.879989 -0.473860
1765940717.015178919 7.576320 -10.067200 -0.032887 0.027825 0.017020 0.880763 -0.472433
1765940717.115114927 7.547870 -10.102400 -0.019004 0.026353 0.016165 0.880747 -0.472577
1765940717.218749285 7.524030 -10.132200 -0.031897 0.026388 0.017092 0.880435 -0.473123
1765940717.319049358 7.498340 -10.166800 -0.023087 0.025643 0.017546 0.880668 -0.472715
1765940717.415216923 7.482150 -10.197300 -0.008740 0.025318 0.016396 0.881241 -0.471703
1765940717.515149117 7.452030 -10.231500 -0.017299 0.025221 0.017215 0.881453 -0.471283
1765940717.615949631 7.436670 -10.259400 -0.006836 0.021814 0.016420 0.882009 -0.470441
1765940717.715222597 7.403990 -10.296300 -0.002632 0.020802 0.013657 0.881814 -0.470940
1765940717.815182447 7.386050 -10.326200 0.003118 0.017723 0.012063 0.881849 -0.471044
1765940717.919355154 7.376260 -10.345000 -0.024797 0.019209 0.012238 0.881311 -0.471988
1765940718.015206337 7.365560 -10.357800 0.008915 0.020303 0.011463 0.881159 -0.472245
1765940718.116012573 7.357390 -10.362200 0.002440 0.019815 0.012588 0.881413 -0.471763
1765940718.215253830 7.355100 -10.361300 -0.007623 0.022621 0.013531 0.881318 -0.471788
1765940718.315237999 7.355850 -10.360400 -0.004809 0.023685 0.013212 0.881017 -0.472306
1765940718.415300131 7.365650 -10.348300 0.003742 0.026494 0.014743 0.881404 -0.471389
1765940718.515256166 7.370970 -10.348200 -0.020238 0.025909 0.017085 0.881327 -0.471487
1765940718.615178347 7.371990 -10.346600 0.013462 0.027918 0.016610 0.881446 -0.471166
