1765940674.927753400 -0.039 0.017 -0.006 0.003 -0.001 -0.0 1.0
1765940675.18627717 -0.024 0.008 -0.03 0.004 -0.001 -0.0 1.0
1765940675.122158244 -0.028 0.039 -0.008 0.001 -0.0 -0.001 1.0
1765940675.219123510 -0.007 0.029 -0.015 0.004 -0.001 -0.001 1.0
1765940675.318967015 0.008 0.001 -0.04 0.003 -0.001 -0.0 1.0
1765940675.419335810 -0.015 0.015 -0.03 0.004 -0.0 -0.001 1.0
1765940675.520007305 -0.009 -0.0 0.002 0.005 0.0 -0.0 1.0
1765940675.619960604 -0.029 0.02 -0.003 0.004 -0.0 -0.001 1.0
1765940675.719330920 -0.011 0.009 -0.007 0.002 0.0 -0.001 1.0
1765940675.819788556 -0.008 0.013 0.01 0.003 0.0 -0.001 1.0
1765940675.919855978 -0.025 0.012 -0.016 0.004 -0.001 -0.001 1.0
1765940676.19563008 -0.005 0.004 -0.02 0.003 -0.002 -0.001 1.0
1765940676.119131673 -0.012 0.031 -0.019 0.003 -0.001 -0.001 1.0
1765940676.218844983 -0.013 0.014 -0.024 0.006 -0.001 -0.001 1.0
1765940676.318857710 -0.013 0.021 -0.01 0.006 -0.001 -0.001 1.0
1765940676.418516612 -0.004 -0.002 -0.015 0.006 -0.001 -0.0 1.0
1765940676.518468158 0.021 0.042 -0.037 0.005 -0.002 -0.001 1.0
1765940676.619602707 0.005 0.051 0.002 0.003 -0.001 -0.001 1.0
1765940676.719154679 -0.008 0.049 -0.007 0.005 -0.002 -0.001 1.0
1765940676.826178127 -0.026 0.06 -0.013 0.008 -0.003 -0.002 1.0
1765940676.924073907 -0.025 0.014 -0.01 0.007 -0.005 -0.001 1.0
1765940677.22031777 0.007 0.028 -0.026 0.005 -0.006 -0.001 1.0
1765940677.121829102 -0.033 0.024 -0.034 0.006 -0.006 -0.0 1.0
1765940677.220250306 0.039 0.025 -0.015 0.003 -0.005 0.0 1.0
1765940677.321641662 0.038 0.029 -0.04 0.002 -0.005 -0.0 1.0
1765940677.418050265 0.064 0.038 -0.049 0.004 -0.005 -0.001 1.0
1765940677.521844576 0.056 0.01 -0.038 0.003 -0.005 -0.0 1.0
1765940677.619329672 0.065 0.037 -0.027 -0.001 -0.003 -0.001 1.0
1765940677.718780924 0.099 0.066 -0.012 0.001 -0.003 -0.003 1.0
1765940677.818469433 0.159 0.064 -0.038 0.001 -0.004 -0.002 1.0
1765940677.919193507 0.184 0.035 -0.01 0.001 -0.004 -0.002 1.0
1765940678.19602727 0.236 0.044 -0.022 0.003 -0.005 -0.002 1.0
1765940678.119140578 0.308 0.01 -0.027 0.004 -0.006 -0.001 1.0
1765940678.220200731 0.335 0.009 -0.025 0.0 -0.005 -0.001 1.0
1765940678.319238155 0.358 -0.032 -0.032 0.001 -0.005 -0.0 1.0
1765940678.419263372 0.351 0.022 0.002 0.001 -0.004 -0.0 1.0
1765940678.518932877 0.361 0.011 -0.019 0.003 -0.004 0.0 1.0
1765940678.619196538 0.374 0.026 -0.022 0.002 -0.005 0.0 1.0
1765940678.718117604 0.441 -0.014 -0.002 0.007 -0.005 0.001 1.0
1765940678.819210374 0.436 0.008 -0.002 0.001 -0.004 -0.0 1.0
1765940678.918441753 0.516 -0.016 -0.048 0.002 -0.004 -0.001 1.0
1765940679.19218272 0.499 0.022 -0.039 0.003 -0.003 -0.001 1.0
1765940679.120518330 0.523 -0.006 -0.02 0.006 -0.001 -0.002 1.0
1765940679.222399832 0.611 0.037 -0.019 0.007 -0.001 -0.004 1.0
1765940679.319744741 0.608 0.032 -0.005 0.008 -0.001 -0.005 1.0
1765940679.419316040 0.589 0.064 -0.027 0.004 -0.002 -0.006 1.0
1765940679.520503232 0.697 0.047 -0.005 0.004 -0.002 -0.005 1.0
1765940679.630401334 0.713 0.027 -0.003 0.005 -0.003 -0.005 1.0
1765940679.720323589 0.73 0.049 -0.028 0.004 -0.003 -0.005 1.0
1765940679.822539012 0.736 0.044 -0.007 0.004 -0.003 -0.004 1.0
1765940679.935427101 0.758 0.059 -0.025 0.003 -0.003 -0.004 1.0
1765940680.20102665 0.815 0.042 -0.06 0.0 -0.003 -0.004 1.0
1765940680.118594323 0.883 0.017 -0.02 0.002 -0.003 -0.004 1.0
1765940680.218961969 0.947 0.035 -0.056 0.004 -0.005 -0.004 1.0
1765940680.318062170 0.979 0.027 -0.028 0.002 -0.004 -0.004 1.0
1765940680.418850551 0.989 0.028 -0.002 0.002 -0.003 -0.005 1.0
1765940680.519408589 1.023 0.043 -0.021 0.002 -0.002 -0.004 1.0
1765940680.619062297 1.058 0.053 -0.036 0.004 -0.001 -0.005 1.0
1765940680.719063546 1.06 0.069 -0.022 0.0 0.001 -0.006 1.0
1765940680.819794585 1.102 0.085 -0.019 -0.001 0.001 -0.007 1.0
1765940680.919507660 1.147 0.071 -0.017 -0.0 0.0 -0.008 1.0
1765940681.19750286 1.144 0.075 -0.05 0.0 -0.002 -0.008 1.0
1765940681.119464892 1.145 0.015 -0.013 0.001 -0.004 -0.006 1.0
1765940681.219250318 1.191 0.016 -0.046 0.002 -0.006 -0.005 1.0
1765940681.323267473 1.327 -0.065 -0.06 0.0 -0.006 -0.005 1.0
1765940681.419476860 1.344 -0.047 -0.07 -0.001 -0.004 -0.007 1.0
1765940681.519001213 1.375 -0.009 -0.051 0.001 -0.003 -0.009 1.0
1765940681.620726953 1.389 0.0 -0.036 0.001 -0.003 -0.012 1.0
1765940681.724514604 1.473 -0.01 -0.059 -0.001 -0.002 -0.014 1.0
1765940681.821680632 1.502 -0.068 -0.015 0.002 -0.0 -0.015 1.0
1765940681.928497101 1.539 -0.094 -0.037 0.001 -0.002 -0.017 1.0
1765940682.28105824 1.602 -0.085 -0.078 -0.002 -0.001 -0.018 1.0
1765940682.119582632 1.618 -0.104 -0.045 -0.003 -0.002 -0.018 1.0
1765940682.219858841 1.65 -0.102 -0.045 -0.002 -0.002 -0.019 1.0
1765940682.319476290 1.729 -0.028 -0.034 0.003 -0.003 -0.019 1.0
1765940682.420127417 1.706 -0.159 -0.049 0.005 -0.005 -0.017 1.0
1765940682.517835354 1.71 -0.11 -0.041 0.005 -0.004 -0.018 1.0
1765940682.619509055 1.783 -0.102 -0.051 0.003 -0.004 -0.018 1.0
1765940682.719737841 1.798 -0.057 -0.044 -0.001 -0.004 -0.019 1.0
1765940682.819620134 1.842 -0.085 -0.051 0.002 -0.005 -0.02 1.0
1765940682.926424515 1.9 -0.082 -0.018 0.003 -0.005 -0.02 1.0
1765940683.21302964 1.929 -0.093 -0.033 0.005 -0.004 -0.021 1.0
1765940683.126055067 1.989 -0.051 -0.011 0.005 -0.002 -0.021 1.0
1765940683.219813506 2.038 0.043 0.021 0.008 -0.0 -0.023 1.0
1765940683.320473429 2.082 -0.024 -0.018 0.007 -0.0 -0.023 1.0
1765940683.419593728 2.12 -0.014 -0.025 0.009 -0.001 -0.023 1.0
1765940683.519188681 2.157 -0.065 -0.01 0.01 -0.002 -0.024 1.0
1765940683.619510004 2.192 -0.04 0.044 0.017 -0.004 -0.024 1.0
1765940683.721439465 2.264 -0.07 -0.0 0.01 -0.004 -0.024 1.0
1765940683.818022851 2.327 -0.151 -0.06 0.005 -0.005 -0.022 1.0
1765940683.920030188 2.371 -0.117 -0.007 0.013 -0.006 -0.022 1.0
1765940684.25329511 2.42 -0.193 -0.057 0.007 -0.005 -0.022 1.0
1765940684.118498679 2.494 -0.21 -0.035 0.009 -0.002 -0.022 1.0
1765940684.219235284 2.531 -0.2 0.006 0.011 -0.001 -0.022 1.0
1765940684.319715145 2.551 -0.238 -0.007 0.015 -0.003 -0.022 1.0
1765940684.419588418 2.564 -0.192 -0.05 0.009 -0.004 -0.024 1.0
1765940684.518561622 2.572 -0.208 -0.06 0.008 -0.005 -0.026 1.0
1765940684.618838589 2.609 -0.246 -0.054 0.01 -0.006 -0.026 1.0
1765940684.718415448 2.628 -0.212 -0.071 0.01 -0.005 -0.026 1.0
1765940684.819827575 2.656 -0.216 -0.046 0.012 -0.005 -0.027 1.0
1765940684.919366440 2.716 -0.216 -0.067 0.011 -0.005 -0.027 1.0
1765940685.19247046 2.75 -0.197 -0.068 0.014 -0.005 -0.027 1.0
1765940685.122174765 2.789 -0.178 -0.077 0.011 -0.006 -0.026 1.0
1765940685.226206774 2.823 -0.225 -0.056 0.01 -0.006 -0.026 1.0
1765940685.318831021 2.873 -0.248 -0.04 0.008 -0.007 -0.025 1.0
1765940685.419306337 2.946 -0.241 -0.068 0.009 -0.007 -0.025 1.0
1765940685.521155468 2.996 -0.282 -0.043 0.011 -0.006 -0.024 1.0
1765940685.621867552 3.035 -0.269 -0.034 0.011 -0.005 -0.024 1.0
1765940685.719406941 3.096 -0.284 -0.04 0.009 -0.004 -0.024 1.0
1765940685.818759878 3.132 -0.239 -0.058 0.01 -0.003 -0.025 1.0
1765940685.919970084 3.158 -0.209 -0.038 0.011 -0.003 -0.025 1.0
1765940686.20010207 3.21 -0.216 -0.037 0.01 -0.005 -0.024 1.0
1765940686.119237770 3.242 -0.237 -0.02 0.011 -0.005 -0.024 1.0
1765940686.219625707 3.287 -0.259 -0.003 0.011 -0.006 -0.023 1.0
1765940686.319240132 3.358 -0.224 -0.03 0.011 -0.006 -0.022 1.0
1765940686.419469176 3.405 -0.245 -0.041 0.01 -0.007 -0.022 1.0
1765940686.520050439 3.465 -0.279 -0.023 0.007 -0.007 -0.022 1.0
1765940686.629807346 3.519 -0.325 -0.053 0.014 -0.006 -0.021 1.0
1765940686.719566483 3.571 -0.296 -0.028 0.013 -0.006 -0.021 1.0
1765940686.821974005 3.623 -0.289 -0.044 0.011 -0.005 -0.022 1.0
1765940686.923789466 3.634 -0.309 -0.022 0.008 -0.005 -0.023 1.0
1765940687.19473886 3.674 -0.273 -0.027 0.012 -0.004 -0.024 1.0
1765940687.120448501 3.692 -0.321 -0.028 0.013 -0.004 -0.025 1.0
1765940687.219459685 3.726 -0.322 -0.025 0.011 -0.005 -0.024 1.0
1765940687.318803602 3.772 -0.245 -0.019 0.012 -0.004 -0.025 1.0
1765940687.421003126 3.806 -0.285 -0.028 0.011 -0.005 -0.026 1.0
1765940687.522861536 3.848 -0.267 -0.039 0.01 -0.005 -0.025 1.0
1765940687.620386947 3.892 -0.263 -0.048 0.009 -0.006 -0.026 1.0
1765940687.718491149 3.933 -0.263 -0.047 0.011 -0.007 -0.027 1.0
1765940687.823941382 3.991 -0.318 -0.052 0.012 -0.006 -0.025 1.0
1765940687.919781618 4.028 -0.288 -0.057 0.011 -0.005 -0.026 1.0
1765940688.19377389 4.107 -0.356 -0.055 0.007 -0.004 -0.024 1.0
1765940688.119994263 4.136 -0.352 -0.043 0.006 -0.002 -0.024 1.0
1765940688.219804588 4.202 -0.43 -0.037 0.01 -0.002 -0.022 1.0
1765940688.319938077 4.276 -0.445 -0.045 0.012 -0.003 -0.022 1.0
1765940688.418097659 4.282 -0.367 -0.054 0.01 -0.005 -0.025 1.0
1765940688.518883972 4.319 -0.417 -0.028 0.009 -0.007 -0.025 1.0
1765940688.619698222 4.378 -0.44 -0.029 0.01 -0.008 -0.025 1.0
1765940688.719235112 4.434 -0.457 -0.05 0.01 -0.007 -0.025 1.0
1765940688.818246291 4.52 -0.481 -0.046 0.009 -0.006 -0.024 1.0
1765940688.921191526 4.606 -0.585 -0.027 0.01 -0.005 -0.022 1.0
1765940689.19750540 4.627 -0.565 -0.017 0.008 -0.003 -0.024 1.0
1765940689.119829338 4.654 -0.545 -0.048 0.008 -0.002 -0.025 1.0
1765940689.225875114 4.682 -0.468 -0.038 0.011 -0.001 -0.027 1.0
1765940689.319903889 4.709 -0.468 -0.072 0.012 -0.002 -0.028 1.0
1765940689.421473279 4.793 -0.557 -0.021 0.01 -0.003 -0.027 1.0
1765940689.518552244 4.859 -0.564 -0.035 0.008 -0.006 -0.027 1.0
1765940689.619251807 4.876 -0.535 -0.013 0.011 -0.006 -0.028 1.0
1765940689.719519810 4.926 -0.561 0.01 0.011 -0.005 -0.028 1.0
1765940689.820231386 4.962 -0.485 -0.015 0.009 -0.006 -0.029 1.0
1765940689.921238399 5.038 -0.514 -0.014 0.009 -0.005 -0.028 1.0
1765940690.19174967 5.069 -0.48 -0.02 0.008 -0.004 -0.029 1.0
1765940690.120308741 5.116 -0.522 0.012 0.009 -0.003 -0.029 1.0
1765940690.221766517 5.119 -0.487 -0.062 0.01 -0.004 -0.031 0.999
1765940690.319609981 5.169 -0.47 -0.025 0.009 -0.004 -0.032 0.999
1765940690.419608314 5.203 -0.49 -0.034 0.009 -0.005 -0.031 0.999
1765940690.523255743 5.292 -0.537 -0.06 0.01 -0.006 -0.03 0.999
1765940690.619306752 5.361 -0.533 -0.022 0.01 -0.006 -0.031 0.999
1765940690.718724829 5.393 -0.538 -0.013 0.011 -0.005 -0.032 0.999
1765940690.825749941 5.449 -0.539 0.006 0.014 -0.004 -0.034 0.999
1765940690.919262501 5.493 -0.591 -0.019 0.013 -0.003 -0.037 0.999
1765940691.19767896 5.547 -0.62 -0.037 0.008 -0.001 -0.038 0.999
1765940691.118833191 5.562 -0.587 -0.071 0.006 -0.001 -0.041 0.999
1765940691.219929874 5.649 -0.581 -0.077 0.007 -0.003 -0.044 0.999
1765940691.321800069 5.71 -0.6 -0.079 0.007 -0.004 -0.047 0.999
1765940691.420213379 5.762 -0.582 -0.104 0.006 -0.005 -0.051 0.999
1765940691.518708265 5.749 -0.705 -0.092 0.005 -0.005 -0.053 0.999
1765940691.617752537 5.846 -0.74 -0.07 0.007 -0.005 -0.056 0.998
1765940691.719440442 5.9 -0.724 -0.1 0.006 -0.006 -0.061 0.998
1765940691.821656850 5.949 -0.748 -0.101 0.005 -0.006 -0.068 0.998
1765940691.923384077 5.989 -0.757 -0.098 0.003 -0.005 -0.074 0.997
1765940692.19613041 6.045 -0.738 -0.057 0.003 -0.002 -0.083 0.997
1765940692.119176244 6.066 -0.716 -0.118 0.002 -0.002 -0.092 0.996
1765940692.219805742 6.099 -0.775 -0.137 0.001 -0.003 -0.099 0.995
1765940692.319505558 6.154 -0.764 -0.105 -0.0 -0.003 -0.109 0.994
1765940692.418891150 6.173 -0.822 -0.115 -0.0 -0.004 -0.119 0.993
1765940692.519838364 6.2 -0.897 -0.139 0.0 -0.006 -0.128 0.992
1765940692.619602296 6.28 -0.916 -0.101 0.003 -0.007 -0.139 0.99
1765940692.719148666 6.309 -0.973 -0.078 0.005 -0.006 -0.15 0.989
1765940692.824119334 6.317 -1.034 -0.091 0.004 -0.006 -0.162 0.987
1765940692.919811551 6.422 -1.009 -0.115 0.001 -0.007 -0.175 0.985
1765940693.19312593 6.476 -1.014 -0.115 -0.001 -0.005 -0.188 0.982
1765940693.119915895 6.532 -1.053 -0.122 -0.002 -0.005 -0.2 0.98
1765940693.219461983 6.599 -1.097 -0.12 -0.001 -0.004 -0.212 0.977
1765940693.318612897 6.619 -1.136 -0.121 -0.003 -0.004 -0.224 0.975
1765940693.419204606 6.606 -1.15 -0.128 -0.005 -0.005 -0.234 0.972
1765940693.519526790 6.701 -1.152 -0.177 -0.003 -0.005 -0.246 0.969
1765940693.618954354 6.73 -1.235 -0.111 -0.002 -0.003 -0.254 0.967
1765940693.719011483 6.761 -1.227 -0.068 -0.0 -0.001 -0.264 0.964
1765940693.820624508 6.814 -1.28 -0.083 -0.001 -0.003 -0.275 0.962
1765940693.919182873 6.85 -1.368 -0.137 -0.001 -0.005 -0.285 0.958
1765940694.18808651 6.877 -1.374 -0.126 -0.001 -0.007 -0.296 0.955
1765940694.119619314 6.92 -1.409 -0.158 -0.002 -0.007 -0.308 0.951
1765940694.219035699 7.027 -1.423 -0.154 -0.002 -0.008 -0.321 0.947
1765940694.319492746 7.065 -1.465 -0.167 -0.003 -0.008 -0.334 0.943
1765940694.419928142 7.043 -1.506 -0.138 -0.002 -0.006 -0.345 0.939
1765940694.518678084 7.044 -1.545 -0.116 -0.002 -0.004 -0.355 0.935
1765940694.619264271 7.072 -1.58 -0.172 -0.004 -0.004 -0.364 0.931
1765940694.717885980 7.107 -1.573 -0.12 -0.004 -0.004 -0.374 0.927
1765940694.820189750 7.164 -1.63 -0.144 -0.006 -0.005 -0.384 0.923
1765940694.919228004 7.178 -1.656 -0.121 -0.007 -0.005 -0.394 0.919
1765940695.19794076 7.201 -1.694 -0.167 -0.007 -0.006 -0.404 0.915
1765940695.119644043 7.19 -1.735 -0.172 -0.007 -0.007 -0.414 0.91
1765940695.222603985 7.138 -1.789 -0.199 -0.007 -0.006 -0.422 0.906
1765940695.323155177 7.162 -1.826 -0.177 -0.007 -0.006 -0.432 0.902
1765940695.419552728 7.196 -1.856 -0.25 -0.009 -0.008 -0.443 0.897
1765940695.520326301 7.234 -1.906 -0.178 -0.007 -0.006 -0.451 0.892
1765940695.619585814 7.228 -1.947 -0.187 -0.007 -0.008 -0.459 0.888
1765940695.719392408 7.22 -2.004 -0.208 -0.007 -0.01 -0.469 0.883
1765940695.819548917 7.289 -2.077 -0.162 -0.007 -0.008 -0.479 0.878
1765940695.923300112 7.276 -2.1 -0.158 -0.008 -0.009 -0.487 0.873
1765940696.26502757 7.261 -2.14 -0.144 -0.007 -0.007 -0.496 0.869
1765940696.119476526 7.255 -2.213 -0.119 -0.008 -0.007 -0.501 0.865
1765940696.219257205 7.259 -2.281 -0.09 -0.009 -0.006 -0.507 0.862
1765940696.319583219 7.246 -2.33 -0.129 -0.01 -0.007 -0.511 0.859
1765940696.418027729 7.227 -2.363 -0.119 -0.011 -0.008 -0.516 0.857
1765940696.521610039 7.281 -2.413 -0.094 -0.012 -0.006 -0.522 0.853
1765940696.622503180 7.33 -2.355 -0.053 -0.008 -0.009 -0.529 0.849
1765940696.719542865 7.313 -2.338 -0.182 -0.008 -0.015 -0.534 0.846
1765940696.819305804 7.27 -2.461 -0.099 -0.005 -0.014 -0.539 0.842
1765940696.920212494 7.362 -2.481 -0.066 -0.002 -0.016 -0.546 0.838
1765940697.19107632 7.412 -2.497 -0.06 -0.003 -0.016 -0.552 0.834
1765940697.119352834 7.36 -2.536 -0.141 -0.005 -0.015 -0.557 0.831
1765940697.222028367 7.313 -2.566 -0.155 -0.008 -0.015 -0.561 0.828
1765940697.318972644 7.415 -2.628 -0.144 -0.002 -0.021 -0.567 0.823
1765940697.419498127 7.446 -2.696 -0.028 0.003 -0.021 -0.573 0.819
1765940697.521048976 7.364 -2.761 -0.122 -0.002 -0.02 -0.575 0.818
1765940697.619524144 7.303 -2.859 -0.162 -0.009 -0.013 -0.576 0.817
1765940697.719248107 7.384 -2.822 -0.157 -0.009 -0.01 -0.581 0.814
1765940697.820266263 7.327 -2.873 -0.178 -0.008 -0.012 -0.582 0.813
1765940697.918129885 7.377 -2.911 -0.186 -0.01 -0.011 -0.587 0.809
1765940698.23468745 7.413 -2.933 -0.116 -0.011 -0.01 -0.592 0.806
1765940698.120235407 7.464 -2.912 -0.179 -0.011 -0.012 -0.598 0.801
1765940698.219297044 7.53 -2.946 -0.216 -0.013 -0.013 -0.603 0.797
1765940698.320143453 7.469 -2.986 -0.238 -0.012 -0.013 -0.606 0.796
1765940698.420702596 7.452 -3.082 -0.182 -0.01 -0.012 -0.608 0.794
1765940698.519874027 7.473 -3.109 -0.215 -0.011 -0.014 -0.612 0.791
1765940698.623207549 7.461 -3.169 -0.232 -0.013 -0.012 -0.616 0.787
1765940698.719800860 7.401 -3.201 -0.271 -0.017 -0.009 -0.619 0.785
1765940698.819992070 7.463 -3.183 -0.215 -0.011 -0.012 -0.624 0.781
1765940698.920281340 7.43 -3.269 -0.17 -0.003 -0.018 -0.628 0.778
1765940699.21787696 7.388 -3.321 -0.129 -0.009 -0.012 -0.63 0.777
1765940699.118060215 7.367 -3.395 -0.227 -0.012 -0.014 -0.633 0.774
1765940699.219461314 7.458 -3.4 -0.288 -0.013 -0.015 -0.638 0.77
1765940699.320575008 7.382 -3.457 -0.228 -0.009 -0.014 -0.639 0.769
1765940699.420225909 7.397 -3.515 -0.202 -0.01 -0.013 -0.642 0.766
1765940699.519075359 7.402 -3.529 -0.192 -0.011 -0.012 -0.647 0.763
1765940699.618762857 7.406 -3.539 -0.229 -0.011 -0.013 -0.651 0.758
1765940699.718298447 7.409 -3.593 -0.25 -0.014 -0.012 -0.654 0.756
1765940699.820531168 7.421 -3.625 -0.218 -0.011 -0.012 -0.657 0.753
1765940699.921856068 7.498 -3.653 -0.177 -0.008 -0.014 -0.662 0.749
1765940700.18877724 7.433 -3.708 -0.235 -0.008 -0.018 -0.665 0.747
1765940700.125679578 7.459 -3.745 -0.228 -0.013 -0.014 -0.668 0.744
1765940700.219260899 7.476 -3.774 -0.179 -0.008 -0.013 -0.67 0.742
1765940700.318970604 7.521 -3.792 -0.254 -0.013 -0.013 -0.675 0.738
1765940700.420506218 7.439 -3.906 -0.18 -0.008 -0.012 -0.677 0.736
1765940700.518797340 7.408 -3.983 -0.175 -0.004 -0.015 -0.679 0.734
1765940700.620167565 7.404 -3.993 -0.178 -0.004 -0.016 -0.683 0.73
1765940700.719282346 7.42 -3.982 -0.144 -0.005 -0.015 -0.688 0.725
1765940700.820695385 7.443 -4.012 -0.17 -0.006 -0.017 -0.692 0.722
1765940700.920539259 7.365 -4.127 -0.185 -0.008 -0.015 -0.694 0.719
1765940701.20801422 7.414 -4.134 -0.302 -0.013 -0.018 -0.697 0.717
1765940701.119357526 7.428 -4.207 -0.168 -0.007 -0.018 -0.7 0.714
1765940701.219458419 7.391 -4.228 -0.285 -0.013 -0.018 -0.702 0.712
1765940701.318830080 7.386 -4.276 -0.269 -0.014 -0.015 -0.703 0.711
1765940701.419798565 7.406 -4.296 -0.35 -0.02 -0.02 -0.707 0.707
1765940701.519376543 7.345 -4.42 -0.263 -0.013 -0.021 -0.708 0.706
1765940701.619261900 7.349 -4.415 -0.179 -0.008 -0.02 -0.711 0.703
1765940701.719690847 7.392 -4.474 -0.248 -0.013 -0.02 -0.714 0.699
1765940701.819509364 7.354 -4.497 -0.195 -0.013 -0.021 -0.715 0.699
1765940701.919446685 7.318 -4.581 -0.176 -0.021 -0.017 -0.714 0.699
1765940702.21335631 7.282 -4.619 -0.239 -0.022 -0.018 -0.715 0.699
1765940702.119153630 7.276 -4.661 -0.252 -0.021 -0.019 -0.716 0.697
1765940702.230190554 7.313 -4.711 -0.28 -0.018 -0.02 -0.717 0.697
1765940702.322545564 7.272 -4.746 -0.244 -0.019 -0.017 -0.715 0.698
1765940702.419547306 7.295 -4.846 -0.324 -0.019 -0.019 -0.715 0.698
1765940702.519980230 7.31 -4.889 -0.36 -0.027 -0.017 -0.715 0.698
1765940702.619642716 7.259 -4.936 -0.241 -0.028 -0.015 -0.715 0.699
1765940702.718714188 7.324 -4.951 -0.271 -0.03 -0.014 -0.715 0.698
1765940702.820147825 7.296 -5.016 -0.318 -0.024 -0.019 -0.715 0.698
1765940702.925198776 7.276 -5.036 -0.253 -0.019 -0.02 -0.715 0.699
1765940703.23340426 7.32 -5.01 -0.277 -0.023 -0.018 -0.718 0.695
1765940703.120840496 7.243 -5.128 -0.247 -0.025 -0.017 -0.716 0.698
1765940703.223647804 7.315 -5.148 -0.27 -0.021 -0.018 -0.717 0.696
1765940703.319484840 7.249 -5.218 -0.287 -0.024 -0.017 -0.716 0.697
1765940703.418822132 7.309 -5.288 -0.248 -0.028 -0.011 -0.715 0.698
1765940703.518536927 7.281 -5.344 -0.255 -0.027 -0.012 -0.715 0.699
1765940703.618566854 7.275 -5.347 -0.221 -0.026 -0.01 -0.715 0.699
1765940703.721590885 7.287 -5.371 -0.209 -0.026 -0.01 -0.714 0.7
1765940703.829677284 7.322 -5.35 -0.284 -0.029 -0.011 -0.712 0.701
1765940703.923471688 7.378 -5.362 -0.303 -0.029 -0.013 -0.71 0.703
1765940704.18842380 7.333 -5.394 -0.274 -0.027 -0.014 -0.705 0.708
1765940704.119396198 7.278 -5.497 -0.206 -0.024 -0.012 -0.698 0.715
1765940704.220383880 7.391 -5.474 -0.2 -0.024 -0.009 -0.695 0.719
1765940704.319445778 7.301 -5.554 -0.252 -0.025 -0.01 -0.686 0.727
1765940704.419721550 7.343 -5.52 -0.222 -0.021 -0.012 -0.683 0.73
1765940704.518371724 7.328 -5.558 -0.354 -0.021 -0.018 -0.677 0.736
1765940704.619261277 7.335 -5.62 -0.268 -0.019 -0.019 -0.669 0.743
1765940704.721633529 7.343 -5.643 -0.295 -0.019 -0.022 -0.662 0.749
1765940704.819536870 7.391 -5.706 -0.337 -0.024 -0.022 -0.654 0.756
1765940704.918385747 7.323 -5.778 -0.295 -0.025 -0.016 -0.646 0.763
1765940705.20890212 7.328 -5.84 -0.249 -0.026 -0.01 -0.639 0.769
1765940705.119675459 7.363 -5.869 -0.201 -0.027 -0.006 -0.634 0.773
1765940705.219816151 7.322 -5.912 -0.234 -0.028 -0.008 -0.628 0.777
1765940705.319541347 7.348 -5.947 -0.205 -0.025 -0.011 -0.625 0.78
1765940705.419498841 7.392 -5.966 -0.184 -0.022 -0.013 -0.622 0.783
1765940705.520632214 7.428 -5.983 -0.276 -0.023 -0.016 -0.617 0.787
1765940705.619232377 7.403 -5.971 -0.324 -0.025 -0.015 -0.612 0.79
1765940705.719488659 7.392 -6.041 -0.304 -0.027 -0.013 -0.604 0.796
1765940705.820094647 7.437 -6.095 -0.305 -0.03 -0.01 -0.598 0.801
1765940705.919810693 7.47 -6.103 -0.285 -0.026 -0.011 -0.594 0.804
1765940706.19659650 7.493 -6.128 -0.207 -0.021 -0.014 -0.588 0.808
1765940706.120099967 7.545 -6.138 -0.285 -0.026 -0.013 -0.584 0.811
1765940706.219774733 7.553 -6.19 -0.399 -0.027 -0.014 -0.577 0.816
1765940706.320424649 7.586 -6.221 -0.284 -0.027 -0.006 -0.57 0.821
1765940706.419732320 7.562 -6.27 -0.259 -0.031 0.002 -0.564 0.825
1765940706.520056907 7.58 -6.291 -0.318 -0.028 -0.005 -0.559 0.829
1765940706.618752124 7.573 -6.288 -0.24 -0.021 -0.013 -0.555 0.832
1765940706.719636992 7.629 -6.277 -0.171 -0.02 -0.01 -0.55 0.835
1765940706.820973186 7.639 -6.336 -0.181 -0.022 -0.007 -0.544 0.838
1765940706.920276457 7.613 -6.427 -0.294 -0.023 -0.011 -0.537 0.843
1765940707.20133793 7.626 -6.449 -0.305 -0.02 -0.015 -0.533 0.846
1765940707.117952197 7.625 -6.476 -0.247 -0.021 -0.012 -0.526 0.85
1765940707.218743124 7.626 -6.513 -0.177 -0.023 -0.004 -0.521 0.853
1765940707.320101944 7.68 -6.54 -0.214 -0.025 -0.004 -0.518 0.855
1765940707.422019719 7.678 -6.573 -0.219 -0.025 -0.002 -0.514 0.858
1765940707.520941155 7.699 -6.632 -0.252 -0.025 -0.002 -0.509 0.86
1765940707.619234493 7.691 -6.659 -0.283 -0.025 -0.005 -0.504 0.863
1765940707.719323636 7.737 -6.697 -0.211 -0.021 -0.007 -0.499 0.866
1765940707.818102382 7.761 -6.732 -0.222 -0.023 -0.005 -0.496 0.868
1765940707.919443742 7.768 -6.786 -0.192 -0.024 -0.005 -0.491 0.871
1765940708.18778649 7.742 -6.818 -0.131 -0.025 -0.001 -0.486 0.874
1765940708.123310509 7.81 -6.862 -0.093 -0.025 -0.0 -0.483 0.875
1765940708.220369018 7.776 -6.896 -0.126 -0.026 -0.001 -0.48 0.877
1765940708.321000141 7.805 -6.915 -0.16 -0.025 -0.004 -0.48 0.877
1765940708.419830569 7.809 -6.957 -0.183 -0.025 -0.004 -0.478 0.878
1765940708.519469292 7.924 -6.96 0.03 -0.023 0.004 -0.477 0.878
1765940708.619476995 7.949 -7.006 0.018 -0.022 0.003 -0.475 0.88
1765940708.718998381 7.955 -7.034 -0.19 -0.022 -0.004 -0.473 0.881
1765940708.831265434 8.005 -7.052 -0.26 -0.022 -0.01 -0.473 0.881
1765940708.929238329 8.025 -7.12 -0.162 -0.023 -0.005 -0.473 0.881
1765940709.23579312 8.061 -7.148 -0.156 -0.022 -0.005 -0.471 0.882
1765940709.121655572 8.106 -7.198 -0.132 -0.022 -0.003 -0.471 0.882
1765940709.220171983 8.106 -7.238 -0.23 -0.025 -0.004 -0.471 0.882
1765940709.319631905 8.153 -7.256 -0.253 -0.025 -0.0 -0.473 0.881
1765940709.420611403 8.15 -7.305 -0.156 -0.025 0.006 -0.471 0.882
1765940709.520098075 8.193 -7.376 -0.14 -0.027 0.009 -0.471 0.882
1765940709.620052276 8.23 -7.399 -0.163 -0.027 0.007 -0.473 0.881
1765940709.719080008 8.248 -7.435 -0.147 -0.025 0.004 -0.474 0.88
1765940709.820839095 8.289 -7.473 -0.115 -0.026 0.008 -0.473 0.881
1765940709.919594998 8.333 -7.505 -0.152 -0.027 0.008 -0.473 0.881
1765940710.20627297 8.399 -7.546 -0.209 -0.027 0.007 -0.473 0.881
1765940710.120284523 8.365 -7.569 -0.196 -0.026 0.007 -0.471 0.882
1765940710.219836496 8.37 -7.574 -0.165 -0.024 0.007 -0.472 0.881
1765940710.318831051 8.389 -7.599 -0.212 -0.025 0.005 -0.473 0.881
1765940710.420268857 8.387 -7.65 -0.228 -0.024 0.002 -0.473 0.881
1765940710.520641625 8.409 -7.668 -0.167 -0.024 0.005 -0.476 0.879
1765940710.619372313 8.439 -7.729 -0.145 -0.02 0.005 -0.478 0.878
1765940710.718681720 8.495 -7.78 -0.129 -0.025 0.008 -0.483 0.875
1765940710.821403801 8.425 -7.799 -0.232 -0.026 0.008 -0.49 0.871
1765940710.921393899 8.452 -7.79 -0.183 -0.026 0.012 -0.501 0.865
1765940711.21343209 8.43 -7.851 -0.31 -0.03 0.001 -0.511 0.859
1765940711.117474125 8.461 -7.885 -0.349 -0.032 -0.006 -0.521 0.853
1765940711.217960177 8.458 -7.878 -0.312 -0.025 -0.012 -0.532 0.846
1765940711.323569219 8.441 -7.942 -0.273 -0.023 -0.012 -0.545 0.838
1765940711.421027154 8.475 -7.914 -0.163 -0.02 -0.013 -0.558 0.83
1765940711.523104162 8.452 -8.008 -0.217 -0.026 -0.013 -0.563 0.826
1765940711.627054082 8.473 -8.051 -0.22 -0.027 -0.009 -0.569 0.822
1765940711.719196259 8.436 -8.156 -0.209 -0.029 -0.007 -0.576 0.817
1765940711.818249409 8.478 -8.203 -0.204 -0.035 -0.004 -0.585 0.81
1765940711.921366101 8.481 -8.239 -0.38 -0.035 -0.012 -0.595 0.803
1765940712.24633794 8.522 -8.275 -0.358 -0.033 -0.01 -0.607 0.794
1765940712.120991628 8.58 -8.237 -0.411 -0.03 -0.012 -0.619 0.784
1765940712.220005175 8.542 -8.273 -0.288 -0.022 -0.014 -0.629 0.777
1765940712.326607245 8.641 -8.346 -0.389 -0.019 -0.021 -0.637 0.77
1765940712.425602214 8.596 -8.402 -0.469 -0.024 -0.024 -0.645 0.764
1765940712.518328976 8.474 -8.406 -0.236 -0.034 -0.009 -0.654 0.756
1765940712.620814214 8.446 -8.477 -0.323 -0.03 -0.012 -0.662 0.749
1765940712.720960407 8.498 -8.456 -0.375 -0.02 -0.011 -0.671 0.741
1765940712.820925428 8.534 -8.512 -0.325 -0.024 -0.012 -0.679 0.734
1765940712.919284546 8.399 -8.585 -0.325 -0.024 -0.012 -0.685 0.728
1765940713.19473203 8.357 -8.596 -0.386 -0.024 -0.014 -0.694 0.72
1765940713.119312713 8.323 -8.66 -0.345 -0.028 -0.012 -0.701 0.713
1765940713.219094323 8.402 -8.646 -0.365 -0.025 -0.01 -0.71 0.704
1765940713.320458857 8.442 -8.634 -0.372 -0.023 -0.013 -0.719 0.695
1765940713.421519783 8.34 -8.647 -0.29 -0.022 -0.015 -0.725 0.688
1765940713.518710005 8.369 -8.724 -0.254 -0.017 -0.016 -0.731 0.682
1765940713.619168115 8.38 -8.791 -0.199 -0.019 -0.015 -0.736 0.676
1765940713.718937852 8.426 -8.851 -0.182 -0.017 -0.013 -0.743 0.668
1765940713.817964389 8.363 -8.949 -0.164 -0.008 -0.012 -0.749 0.662
1765940713.920506477 8.28 -8.997 -0.256 -0.011 -0.012 -0.755 0.656
1765940714.19876222 8.223 -9.008 -0.345 -0.017 -0.012 -0.761 0.649
1765940714.120013052 8.326 -9.04 -0.201 -0.012 -0.011 -0.766 0.642
1765940714.218712232 8.409 -9.091 -0.191 -0.017 -0.011 -0.773 0.634
1765940714.319509708 8.392 -9.126 -0.136 -0.01 -0.01 -0.779 0.626
1765940714.419599394 8.334 -9.103 -0.128 -0.003 -0.013 -0.786 0.618
1765940714.520245170 8.238 -9.143 -0.177 -0.001 -0.015 -0.79 0.613
1765940714.618761152 8.227 -9.2 -0.233 -0.007 -0.015 -0.794 0.608
1765940714.718054836 8.229 -9.265 -0.194 -0.006 -0.014 -0.797 0.603
1765940714.821967383 8.176 -9.313 -0.141 -0.018 -0.01 -0.801 0.598
1765940714.918106325 8.153 -9.323 -0.222 -0.025 -0.011 -0.806 0.591
1765940715.18038515 8.085 -9.363 -0.209 -0.022 -0.009 -0.81 0.586
1765940715.120420728 8.165 -9.4 -0.163 -0.014 -0.007 -0.816 0.579
1765940715.219444676 8.18 -9.45 -0.303 -0.025 -0.01 -0.819 0.573
1765940715.325647027 8.116 -9.552 -0.281 -0.026 -0.012 -0.822 0.569
1765940715.419156864 8.128 -9.568 -0.219 -0.032 -0.01 -0.826 0.562
1765940715.519524873 8.053 -9.573 -0.172 -0.028 -0.009 -0.831 0.555
1765940715.620070283 7.878 -9.622 -0.369 -0.035 -0.013 -0.834 0.55
1765940715.721069603 8.111 -9.678 -0.294 -0.033 -0.011 -0.838 0.544
1765940715.819346579 8.055 -9.737 -0.307 -0.037 -0.013 -0.841 0.54
1765940715.919779263 7.939 -9.737 -0.224 -0.034 -0.009 -0.844 0.535
1765940716.21416041 8.154 -9.749 -0.377 -0.025 -0.013 -0.851 0.524
1765940716.120471696 8.156 -9.792 -0.435 -0.029 -0.011 -0.854 0.519
1765940716.219776830 7.937 -9.887 -0.527 -0.036 -0.016 -0.854 0.519
1765940716.318739734 8.013 -9.909 -0.355 -0.031 -0.016 -0.858 0.512
1765940716.419740729 7.881 -9.944 -0.27 -0.029 -0.016 -0.86 0.509
1765940716.518961912 7.862 -9.973 -0.36 -0.035 -0.017 -0.864 0.503
1765940716.621848181 7.814 -10.017 -0.274 -0.03 -0.014 -0.866 0.498
1765940716.719480643 7.731 -10.016 -0.273 -0.028 -0.011 -0.869 0.494
1765940716.818571430 7.775 -10.062 -0.367 -0.031 -0.013 -0.873 0.486
1765940716.919582482 7.834 -10.071 -0.388 -0.012 -0.026 -0.877 0.479
1765940717.19049093 7.766 -10.086 -0.381 -0.004 -0.03 -0.88 0.475
1765940717.118249811 7.807 -10.101 -0.439 -0.008 -0.03 -0.884 0.466
1765940717.221560584 7.63 -10.099 -0.37 -0.015 -0.026 -0.884 0.466
1765940717.321295252 7.554 -10.107 -0.156 -0.022 -0.016 -0.885 0.465
1765940717.418987638 7.488 -10.148 -0.079 -0.032 -0.009 -0.885 0.464
1765940717.519654641 7.467 -10.168 0.069 -0.037 -0.001 -0.886 0.462
1765940717.618842577 7.399 -10.219 0.159 -0.046 0.006 -0.885 0.462
1765940717.719982557 7.362 -10.277 0.141 -0.075 0.011 -0.883 0.463
1765940717.819942539 7.274 -10.335 0.139 -0.098 0.014 -0.879 0.466
1765940717.922936434 7.31 -10.388 0.262 -0.093 0.016 -0.879 0.468
1765940718.18786988 7.629 -10.387 0.424 -0.088 0.023 -0.881 0.465
1765940718.118259393 7.621 -10.44 0.378 -0.096 0.028 -0.877 0.47
1765940718.217740808 7.875 -10.483 0.352 -0.077 0.025 -0.878 0.471
1765940718.319889670 7.815 -10.529 0.562 -0.055 0.025 -0.875 0.48
1765940718.420828710 7.811 -10.58 0.672 -0.03 0.018 -0.873 0.486
1765940718.520591244 7.798 -10.57 0.588 -0.037 0.009 -0.874 0.484
1765940718.619727634 7.818 -10.535 0.463 -0.048 0.001 -0.875 0.482
1765940718.719207792 7.824 -10.483 0.451 -0.057 0.006 -0.876 0.478
